stage fullness
0 1
1 2
2 3
3 4
4 5
5 6
6 7
7 8
8 9
9 10
10 9
11 8
12 7
13 6
14 5
15 4
16 3
17 2
18 1
19 0
19 2
20 3
21 4
22 5
23 6
24 7
25 8
26 9
27 10
28 11
29 10
30 9
31 8
32 7
33 6
34 7
35 8
36 9
37 10
38 11
39 10
40 11
41 10
42 11
43 10
44 9
45 8
46 7
47 6
48 5
49 4
50 3
51 2
52 1
53 2
54 3
55 4
56 5
57 6
58 7
59 8
60 9
61 10
62 11
63 10
64 11
65 10
66 11
67 10
68 11
69 10
70 11
71 10
72 9
73 8
74 7
75 6
76 5
77 4
78 3
79 2
80 1
81 2
82 3
83 4
84 5
85 6
86 7
87 8
88 9
89 10
90 11
91 10
92 11
93 10
94 11
95 10
96 11
97 10
98 11
99 10
100 11
101 10
102 9
103 10
104 11
105 10
106 9
107 8
108 7
109 6
110 5
111 4
112 3
113 2
114 3
115 4
116 5
117 6
118 7
119 8
120 9
121 10
122 11
123 10
124 11
125 10
126 11
127 10
128 9
129 8
130 7
131 6
132 7
133 8
134 9
135 10
136 11
137 10
138 11
139 10
140 11
141 10
142 11
143 10
144 11
145 10
146 11
147 10
148 11
149 10
150 11
151 10
152 11
153 10
154 11
155 10
156 11
157 10
158 11
159 10
160 11
161 10
162 11
163 10
164 11
165 10
166 11
167 10
168 11
169 10
170 11
171 10
172 11
173 10
174 11
175 10
176 11
177 10
178 11
179 10
180 11
181 10
182 11
183 10
184 11
185 10
186 11
187 10
188 11
189 10
190 11
191 10
192 11
193 10
194 11
195 10
196 11
197 10
198 11
199 10
200 11
201 10
202 11
203 10
204 11
205 10
206 11
207 10
208 11
209 10
210 11
211 10
212 11
213 10
214 11
215 10
216 11
217 10
218 11
219 10
220 11
221 10
222 11
223 10
224 11
225 10
226 11
227 10
228 11
229 10
230 11
231 10
232 11
233 10
234 11
235 10
236 11
237 10
238 11
239 10
240 11
241 10
242 11
243 10
244 11
245 10
246 11
247 10
248 11
249 10
250 11
251 10
252 11
253 10
254 11
255 10
256 11
257 10
258 11
259 10
260 11
261 10
262 11
263 10
264 11
265 10
266 11
267 10
268 11
269 10
270 11
271 10
272 11
273 10
274 11
275 10
276 11
277 10
278 11
279 10
280 11
281 10
282 11
283 10
284 11
285 10
286 11
287 10
288 11
289 10
290 11
291 10
292 11
293 10
294 11
295 10
296 11
297 10
298 11
299 10
300 11
301 10
302 11
303 10
304 11
305 10
306 11
307 10
308 11
309 10
310 11
311 10
312 11
313 10
314 11
315 10
316 11
317 10
318 11
319 10
320 11
321 10
322 11
323 10
324 11
325 10
326 11
327 10
328 11
329 10
330 11
331 10
332 11
333 10
334 11
335 10
336 11
337 10
338 11
339 10
340 11
341 10
342 11
343 10
344 11
345 10
346 11
347 10
348 11
349 10
350 11
351 10
352 11
353 10
354 11
355 10
356 11
357 10
358 11
359 10
360 11
361 10
362 11
363 10
364 11
365 10
366 11
367 10
368 11
369 10
370 11
371 10
372 11
373 10
374 11
375 10
376 11
377 10
378 11
379 10
380 11
381 10
382 11
383 10
384 11
385 10
386 11
387 10
388 11
389 10
390 11
391 10
392 11
393 10
394 11
395 10
396 11
397 10
398 11
399 10
400 11
401 10
402 11
403 10
404 11
405 10
406 11
407 10
408 11
409 10
410 11
411 10
412 11
413 10
414 11
415 10
416 11
417 10
418 11
419 10
420 11
421 10
422 11
423 10
424 11
425 10
426 11
427 10
428 11
429 10
430 11
431 10
432 11
433 10
434 11
435 10
436 11
437 10
438 11
439 10
440 11
441 10
442 11
443 10
444 11
445 10
446 11
447 10
448 11
449 10
450 11
451 10
452 11
453 10
454 11
455 10
456 11
457 10
458 11
459 10
460 11
461 10
462 11
463 10
464 11
465 10
466 11
467 10
468 11
469 10
470 11
471 10
472 11
473 10
474 11
475 10
476 11
477 10
478 11
479 10
480 11
481 10
482 11
483 10
484 11
485 10
486 11
487 10
488 11
489 10
490 11
491 10
492 11
493 10
494 11
495 10
496 11
497 10
498 11
499 10
500 11
501 10
502 11
503 10
504 11
505 10
506 11
507 10
508 11
509 10
510 11
511 10
512 11
513 10
514 11
515 10
516 11
517 10
518 11
519 10
520 11
521 10
522 11
523 10
524 11
525 10
526 11
527 10
528 11
529 10
530 11
531 10
532 11
533 10
534 11
535 10
536 11
537 10
538 11
539 10
540 11
541 10
542 11
543 10
544 11
545 10
546 11
547 10
548 11
549 10
550 11
551 10
552 11
553 10
554 11
555 10
556 11
557 10
558 11
559 10
560 11
561 10
562 11
563 10
564 11
565 10
566 11
567 10
568 11
569 10
570 11
571 10
572 11
573 10
574 11
575 10
576 11
577 10
578 11
579 10
580 11
581 10
582 11
583 10
584 11
585 10
586 11
587 10
588 11
589 10
590 11
591 10
592 11
593 10
594 11
595 10
596 11
597 10
598 11
599 10
600 11
601 10
602 11
603 10
604 11
605 10
606 11
607 10
608 11
609 10
610 11
611 10
612 9
613 8
614 7
615 6
616 5
617 4
618 5
619 6
620 7
621 8
622 9
623 10
624 11
625 10
626 11
627 10
628 11
629 10
630 11
631 10
632 11
633 10
634 11
635 10
636 11
637 10
638 11
639 10
640 11
641 10
642 11
643 10
644 11
645 10
646 11
647 10
648 11
649 10
650 11
651 10
652 11
653 10
654 11
655 10
656 11
657 10
658 11
659 10
660 11
661 10
662 11
663 10
664 11
665 10
666 11
667 10
668 11
669 10
670 11
671 10
672 11
673 10
674 11
675 10
676 11
677 10
678 11
679 10
680 11
681 10
682 11
683 10
684 11
685 10
686 11
687 10
688 11
689 10
690 11
691 10
692 11
693 10
694 11
695 10
696 11
697 10
698 11
699 10
700 11
701 10
702 11
703 10
704 11
705 10
706 11
707 10
708 11
709 10
710 11
711 10
712 11
713 10
714 11
715 10
716 11
717 10
718 11
719 10
720 11
721 10
722 11
723 10
724 11
725 10
726 11
727 10
728 11
729 10
730 11
731 10
732 11
733 10
734 11
735 10
736 11
737 10
738 11
739 10
740 11
741 10
742 11
743 10
744 11
745 10
746 11
747 10
748 11
749 10
750 11
751 10
752 11
753 10
754 11
755 10
756 11
757 10
758 11
759 10
760 11
761 10
762 11
763 10
764 11
765 10
766 11
767 10
768 11
769 10
770 11
771 10
772 11
773 10
774 9
775 8
776 9
777 10
778 11
779 10
780 11
781 10
782 11
783 10
784 11
785 10
786 11
787 10
788 11
789 10
790 11
791 10
792 11
793 10
794 11
795 10
796 11
797 10
798 11
799 10
800 11
801 10
802 9
803 8
804 9
805 10
806 11
807 10
808 11
809 10
810 11
811 10
812 11
813 10
814 11
815 10
816 11
817 10
818 11
819 10
820 11
821 10
822 11
823 10
824 11
825 10
826 11
827 10
828 11
829 10
830 11
831 10
832 11
833 10
834 11
835 10
836 11
837 10
838 11
839 10
840 11
841 10
842 11
843 10
844 11
845 10
846 11
847 10
848 11
849 10
850 11
851 10
852 11
853 10
854 11
855 10
856 11
857 10
858 11
859 10
860 11
861 10
862 11
863 10
864 11
865 10
866 11
867 10
868 11
869 10
870 11
871 10
872 11
873 10
874 11
875 10
876 11
877 10
878 11
879 10
880 11
881 10
882 11
883 10
884 11
885 10
886 11
887 10
888 11
889 10
890 11
891 10
892 11
893 10
894 11
895 10
896 11
897 10
898 11
899 10
900 11
901 10
902 11
903 10
904 11
905 10
906 11
907 10
908 11
909 10
910 11
911 10
912 11
913 10
914 11
915 10
916 11
917 10
918 11
919 10
920 11
921 10
922 11
923 10
924 11
925 10
926 11
927 10
928 11
929 10
930 11
931 10
932 11
933 10
934 11
935 10
936 11
937 10
938 11
939 10
940 11
941 10
942 11
943 10
944 11
945 10
946 11
947 10
948 11
949 10
950 11
951 10
952 11
953 10
954 11
955 10
956 11
957 10
958 11
959 10
960 11
961 10
962 11
963 10
964 11
965 10
966 11
967 10
968 11
969 10
970 11
971 10
972 11
973 10
974 11
975 10
976 11
977 10
978 11
979 10
980 11
981 10
982 11
983 10
984 11
985 10
986 11
987 10
988 11
989 10
990 11
991 10
992 11
993 10
994 11
995 10
996 11
997 10
998 11
999 10
1000 11
1001 10
1002 11
1003 10
1004 11
1005 10
1006 11
1007 10
1008 11
1009 10
1010 11
1011 10
1012 11
1013 10
1014 11
1015 10
1016 11
1017 10
1018 11
1019 10
1020 11
1021 10
1022 11
1023 10
1024 11
1025 10
1026 11
1027 10
1028 11
1029 10
1030 11
1031 10
1032 11
1033 10
1034 11
1035 10
1036 11
1037 10
1038 11
1039 10
1040 11
1041 10
1042 11
1043 10
1044 11
1045 10
1046 11
1047 10
1048 11
1049 10
1050 11
1051 10
1052 11
1053 10
1054 11
1055 10
1056 11
1057 10
1058 11
1059 10
1060 11
1061 10
1062 11
1063 10
1064 11
1065 10
1066 11
1067 10
1068 11
1069 10
1070 11
1071 10
1072 11
1073 10
1074 11
1075 10
1076 11
1077 10
1078 11
1079 10
1080 11
1081 10
1082 11
1083 10
1084 11
1085 10
1086 11
1087 10
1088 11
1089 10
1090 11
1091 10
1092 11
1093 10
1094 11
1095 10
1096 11
1097 10
1098 11
1099 10
1100 11
1101 10
1102 11
1103 10
1104 11
1105 10
1106 11
1107 10
1108 11
1109 10
1110 11
1111 10
1112 11
1113 10
1114 11
1115 10
1116 11
1117 10
1118 11
1119 10
1120 11
1121 10
1122 11
1123 10
1124 11
1125 10
1126 9
1127 10
1128 11
1129 10
1130 11
1131 10
1132 11
1133 10
1134 11
1135 10
1136 11
1137 10
1138 11
1139 10
1140 11
1141 10
1142 11
1143 10
1144 11
1145 10
1146 11
1147 10
1148 11
1149 10
1150 11
1151 10
1152 11
1153 10
1154 11
1155 10
1156 11
1157 10
1158 11
1159 10
1160 11
1161 10
1162 11
1163 10
1164 11
1165 10
1166 11
1167 10
1168 11
1169 10
1170 11
1171 10
1172 11
1173 10
1174 11
1175 10
1176 11
1177 10
1178 11
1179 10
1180 11
1181 10
1182 11
1183 10
1184 11
1185 10
1186 11
1187 10
1188 11
1189 10
1190 11
1191 10
1192 11
1193 10
1194 11
1195 10
1196 11
1197 10
1198 11
1199 10
1200 11
1201 10
1202 11
1203 10
1204 11
1205 10
1206 11
1207 10
1208 11
1209 10
1210 11
1211 10
1212 11
1213 10
1214 11
1215 10
1216 11
1217 10
1218 11
1219 10
1220 11
1221 10
1222 11
1223 10
1224 11
1225 10
1226 11
1227 10
1228 11
1229 10
1230 11
1231 10
1232 11
1233 10
1234 11
1235 10
1236 11
1237 10
1238 11
1239 10
1240 11
1241 10
1242 11
1243 10
1244 11
1245 10
1246 11
1247 10
1248 11
1249 10
1250 11
1251 10
1252 11
1253 10
1254 11
1255 10
1256 11
1257 10
1258 11
1259 10
1260 11
1261 10
1262 11
1263 10
1264 11
1265 10
1266 11
1267 10
1268 11
1269 10
1270 11
1271 10
1272 11
1273 10
1274 11
1275 10
1276 11
1277 10
1278 11
1279 10
1280 11
1281 10
1282 11
1283 10
1284 11
1285 10
1286 11
1287 10
1288 11
1289 10
1290 11
1291 10
1292 11
1293 10
1294 11
1295 10
1296 11
1297 10
1298 11
1299 10
1300 11
1301 10
1302 11
1303 10
1304 11
1305 10
1306 11
1307 10
1308 11
1309 10
1310 11
1311 10
1312 11
1313 10
1314 11
1315 10
1316 11
1317 10
1318 11
1319 10
1320 11
1321 10
1322 11
1323 10
1324 11
1325 10
1326 11
1327 10
1328 11
1329 10
1330 11
1331 10
1332 11
1333 10
1334 11
1335 10
1336 11
1337 10
1338 11
1339 10
1340 11
1341 10
1342 11
1343 10
1344 11
1345 10
1346 11
1347 10
1348 11
1349 10
1350 11
1351 10
1352 11
1353 10
1354 11
1355 10
1356 11
1357 10
1358 11
1359 10
1360 11
1361 10
1362 11
1363 10
1364 11
1365 10
1366 11
1367 10
1368 11
1369 10
1370 11
1371 10
1372 11
1373 10
1374 11
1375 10
1376 11
1377 10
1378 11
1379 10
1380 11
1381 10
1382 11
1383 10
1384 11
1385 10
1386 11
1387 10
1388 11
1389 10
1390 11
1391 10
1392 11
1393 10
1394 11
1395 10
1396 11
1397 10
1398 11
1399 10
1400 11
1401 10
1402 11
1403 10
1404 11
1405 10
1406 11
1407 10
1408 11
1409 10
1410 11
1411 10
1412 11
1413 10
1414 11
1415 10
1416 11
1417 10
1418 11
1419 10
1420 11
1421 10
1422 11
1423 10
1424 11
1425 10
1426 11
1427 10
1428 11
1429 10
1430 11
1431 10
1432 11
1433 10
1434 11
1435 10
1436 11
1437 10
1438 11
1439 10
1440 11
1441 10
1442 11
1443 10
1444 11
1445 10
1446 11
1447 10
1448 11
1449 10
1450 11
1451 10
1452 11
1453 10
1454 11
1455 10
1456 11
1457 10
1458 11
1459 10
1460 11
1461 10
1462 11
1463 10
1464 11
1465 10
1466 11
1467 10
1468 11
1469 10
1470 11
1471 10
1472 11
1473 10
1474 11
1475 10
1476 11
1477 10
1478 11
1479 10
1480 11
1481 10
1482 11
1483 10
1484 11
1485 10
1486 11
1487 10
1488 11
1489 10
1490 11
1491 10
1492 11
1493 10
1494 11
1495 10
1496 9
1497 8
1498 9
1499 10
1500 11
1501 10
1502 11
1503 10
1504 11
1505 10
1506 11
1507 10
1508 11
1509 10
1510 11
1511 10
1512 11
1513 10
1514 11
1515 10
1516 11
1517 10
1518 11
1519 10
1520 11
1521 10
1522 11
1523 10
1524 11
1525 10
1526 11
1527 10
1528 11
1529 10
1530 11
1531 10
1532 11
1533 10
1534 11
1535 10
1536 11
1537 10
1538 11
1539 10
1540 11
1541 10
1542 11
1543 10
1544 11
1545 10
1546 11
1547 10
1548 11
1549 10
1550 11
1551 10
1552 11
1553 10
1554 11
1555 10
1556 11
1557 10
1558 11
1559 10
1560 11
1561 10
1562 11
1563 10
1564 11
1565 10
1566 11
1567 10
1568 11
1569 10
1570 11
1571 10
1572 11
1573 10
1574 11
1575 10
1576 11
1577 10
1578 11
1579 10
1580 11
1581 10
1582 11
1583 10
1584 11
1585 10
1586 11
1587 10
1588 11
1589 10
1590 11
1591 10
1592 11
1593 10
1594 11
1595 10
1596 11
1597 10
1598 11
1599 10
1600 11
1601 10
1602 11
1603 10
1604 11
1605 10
1606 11
1607 10
1608 11
1609 10
1610 11
1611 10
1612 11
1613 10
1614 9
1615 8
1616 7
1617 8
1618 9
1619 10
1620 11
1621 10
1622 11
1623 10
1624 11
1625 10
1626 11
1627 10
1628 11
1629 10
1630 11
1631 10
1632 11
1633 10
1634 11
1635 10
1636 11
1637 10
1638 11
1639 10
1640 11
1641 10
1642 11
1643 10
1644 11
1645 10
1646 11
1647 10
1648 11
1649 10
1650 11
1651 10
1652 11
1653 10
1654 11
1655 10
1656 11
1657 10
1658 11
1659 10
1660 11
1661 10
1662 11
1663 10
1664 11
1665 10
1666 11
1667 10
1668 11
1669 10
1670 11
1671 10
1672 11
1673 10
1674 11
1675 10
1676 11
1677 10
1678 11
1679 10
1680 11
1681 10
1682 11
1683 10
1684 11
1685 10
1686 11
1687 10
1688 11
1689 10
1690 11
1691 10
1692 11
1693 10
1694 11
1695 10
1696 11
1697 10
1698 11
1699 10
1700 11
1701 10
1702 11
1703 10
1704 11
1705 10
1706 11
1707 10
1708 11
1709 10
1710 11
1711 10
1712 11
1713 10
1714 11
1715 10
1716 11
1717 10
1718 11
1719 10
1720 11
1721 10
1722 11
1723 10
1724 11
1725 10
1726 11
1727 10
1728 11
1729 10
1730 11
1731 10
1732 11
1733 10
1734 11
1735 10
1736 11
1737 10
1738 11
1739 10
1740 11
1741 10
1742 11
1743 10
1744 11
1745 10
1746 11
1747 10
1748 11
1749 10
1750 11
1751 10
1752 11
1753 10
1754 11
1755 10
1756 11
1757 10
1758 11
1759 10
1760 11
1761 10
1762 11
1763 10
1764 11
1765 10
1766 11
1767 10
1768 11
1769 10
1770 11
1771 10
1772 11
1773 10
1774 11
1775 10
1776 11
1777 10
1778 11
1779 10
1780 11
1781 10
1782 11
1783 10
1784 11
1785 10
1786 11
1787 10
1788 11
1789 10
1790 11
1791 10
1792 11
1793 10
1794 11
1795 10
1796 11
1797 10
1798 11
1799 10
1800 11
1801 10
1802 11
1803 10
1804 11
1805 10
1806 11
1807 10
1808 11
1809 10
1810 11
1811 10
1812 11
1813 10
1814 11
1815 10
1816 11
1817 10
1818 11
1819 10
1820 11
1821 10
1822 11
1823 10
1824 11
1825 10
1826 11
1827 10
1828 11
1829 10
1830 11
1831 10
1832 11
1833 10
1834 11
1835 10
1836 11
1837 10
1838 11
1839 10
1840 11
1841 10
1842 11
1843 10
1844 11
1845 10
1846 11
1847 10
1848 11
1849 10
1850 11
1851 10
1852 11
1853 10
1854 11
1855 10
1856 11
1857 10
1858 11
1859 10
1860 11
1861 10
1862 11
1863 10
1864 11
1865 10
1866 11
1867 10
1868 11
1869 10
1870 11
1871 10
1872 11
1873 10
1874 11
1875 10
1876 11
1877 10
1878 11
1879 10
1880 11
1881 10
1882 11
1883 10
1884 11
1885 10
1886 11
1887 10
1888 11
1889 10
1890 11
1891 10
1892 9
1893 10
1894 11
1895 10
1896 11
1897 10
1898 11
1899 10
1900 11
1901 10
1902 11
1903 10
1904 11
1905 10
1906 11
1907 10
1908 11
1909 10
1910 11
1911 10
1912 11
1913 10
1914 11
1915 10
1916 11
1917 10
1918 11
1919 10
1920 11
1921 10
1922 11
1923 10
1924 11
1925 10
1926 11
1927 10
1928 11
1929 10
1930 11
1931 10
1932 11
1933 10
1934 11
1935 10
1936 11
1937 10
1938 11
1939 10
1940 11
1941 10
1942 11
1943 10
1944 11
1945 10
1946 11
1947 10
1948 11
1949 10
1950 9
1951 10
1952 11
1953 10
1954 11
1955 10
1956 11
1957 10
1958 11
1959 10
1960 11
1961 10
1962 11
1963 10
1964 11
1965 10
1966 11
1967 10
1968 11
1969 10
1970 11
1971 10
1972 11
1973 10
1974 11
1975 10
1976 11
1977 10
1978 11
1979 10
1980 11
1981 10
1982 11
1983 10
1984 11
1985 10
1986 11
1987 10
1988 11
1989 10
1990 11
1991 10
1992 11
1993 10
1994 11
1995 10
1996 11
1997 10
1998 11
1999 10
2000 11
2001 10
2002 11
2003 10
2004 11
2005 10
2006 11
2007 10
2008 11
2009 10
2010 11
2011 10
2012 11
2013 10
2014 11
2015 10
2016 11
2017 10
2018 11
2019 10
2020 11
2021 10
2022 11
2023 10
2024 11
2025 10
2026 11
2027 10
2028 11
2029 10
2030 11
2031 10
2032 11
2033 10
2034 11
2035 10
2036 11
2037 10
2038 11
2039 10
2040 11
2041 10
2042 11
2043 10
2044 11
2045 10
2046 11
2047 10
2048 11
2049 10
2050 11
2051 10
2052 11
2053 10
2054 11
2055 10
2056 11
2057 10
2058 11
2059 10
2060 11
2061 10
2062 11
2063 10
2064 11
2065 10
2066 11
2067 10
2068 11
2069 10
2070 11
2071 10
2072 11
2073 10
2074 11
2075 10
2076 11
2077 10
2078 11
2079 10
2080 11
2081 10
2082 11
2083 10
2084 11
2085 10
2086 11
2087 10
2088 11
2089 10
2090 11
2091 10
2092 11
2093 10
2094 11
2095 10
2096 11
2097 10
2098 11
2099 10
2100 11
2101 10
2102 11
2103 10
2104 11
2105 10
2106 11
2107 10
2108 11
2109 10
2110 11
2111 10
2112 11
2113 10
2114 11
2115 10
2116 11
2117 10
2118 11
2119 10
2120 11
2121 10
2122 11
2123 10
2124 11
2125 10
2126 11
2127 10
2128 11
2129 10
2130 11
2131 10
2132 11
2133 10
2134 11
2135 10
2136 11
2137 10
2138 11
2139 10
2140 11
2141 10
2142 11
2143 10
2144 11
2145 10
2146 11
2147 10
2148 11
2149 10
2150 11
2151 10
2152 11
2153 10
2154 11
2155 10
2156 11
2157 10
2158 11
2159 10
2160 11
2161 10
2162 11
2163 10
2164 11
2165 10
2166 11
2167 10
2168 11
2169 10
2170 11
2171 10
2172 11
2173 10
2174 11
2175 10
2176 11
2177 10
2178 11
2179 10
2180 11
2181 10
2182 11
2183 10
2184 11
2185 10
2186 11
2187 10
2188 11
2189 10
2190 11
2191 10
2192 11
2193 10
2194 11
2195 10
2196 11
2197 10
2198 11
2199 10
2200 11
2201 10
2202 11
2203 10
2204 11
2205 10
2206 11
2207 10
2208 11
2209 10
2210 11
2211 10
2212 11
2213 10
2214 11
2215 10
2216 11
2217 10
2218 11
2219 10
2220 11
2221 10
2222 11
2223 10
2224 11
2225 10
2226 11
2227 10
2228 11
2229 10
2230 11
2231 10
2232 11
2233 10
2234 11
2235 10
2236 11
2237 10
2238 11
2239 10
2240 11
2241 10
2242 11
2243 10
2244 11
2245 10
2246 11
2247 10
2248 11
2249 10
2250 11
2251 10
2252 11
2253 10
2254 11
2255 10
2256 11
2257 10
2258 11
2259 10
2260 11
2261 10
2262 11
2263 10
2264 9
2265 8
2266 9
2267 10
2268 11
2269 10
2270 11
2271 10
2272 11
2273 10
2274 11
2275 10
2276 11
2277 10
2278 11
2279 10
2280 11
2281 10
2282 11
2283 10
2284 11
2285 10
2286 11
2287 10
2288 11
2289 10
2290 11
2291 10
2292 11
2293 10
2294 11
2295 10
2296 11
2297 10
2298 11
2299 10
2300 11
2301 10
2302 11
2303 10
2304 11
2305 10
2306 11
2307 10
2308 11
2309 10
2310 11
2311 10
2312 11
2313 10
2314 11
2315 10
2316 11
2317 10
2318 11
2319 10
2320 11
2321 10
2322 11
2323 10
2324 11
2325 10
2326 11
2327 10
2328 11
2329 10
2330 11
2331 10
2332 11
2333 10
2334 11
2335 10
2336 11
2337 10
2338 11
2339 10
2340 11
2341 10
2342 11
2343 10
2344 11
2345 10
2346 11
2347 10
2348 11
2349 10
2350 11
2351 10
2352 11
2353 10
2354 11
2355 10
2356 11
2357 10
2358 11
2359 10
2360 11
2361 10
2362 11
2363 10
2364 11
2365 10
2366 11
2367 10
2368 11
2369 10
2370 11
2371 10
2372 11
2373 10
2374 11
2375 10
2376 11
2377 10
2378 11
2379 10
2380 11
2381 10
2382 11
2383 10
2384 11
2385 10
2386 11
2387 10
2388 11
2389 10
2390 11
2391 10
2392 11
2393 10
2394 11
2395 10
2396 11
2397 10
2398 11
2399 10
2400 11
2401 10
2402 11
2403 10
2404 11
2405 10
2406 11
2407 10
2408 11
2409 10
2410 11
2411 10
2412 11
2413 10
2414 11
2415 10
2416 11
2417 10
2418 11
2419 10
2420 11
2421 10
2422 11
2423 10
2424 11
2425 10
2426 11
2427 10
2428 11
2429 10
2430 11
2431 10
2432 11
2433 10
2434 11
2435 10
2436 11
2437 10
2438 11
2439 10
2440 11
2441 10
2442 11
2443 10
2444 11
2445 10
2446 11
2447 10
2448 11
2449 10
2450 11
2451 10
2452 11
2453 10
2454 11
2455 10
2456 11
2457 10
2458 11
2459 10
2460 11
2461 10
2462 11
2463 10
2464 11
2465 10
2466 11
2467 10
2468 11
2469 10
2470 11
2471 10
2472 11
2473 10
2474 11
2475 10
2476 11
2477 10
2478 11
2479 10
2480 11
2481 10
2482 11
2483 10
2484 11
2485 10
2486 11
2487 10
2488 11
2489 10
2490 11
2491 10
2492 11
2493 10
2494 11
2495 10
2496 11
2497 10
2498 11
2499 10
2500 11
2501 10
2502 11
2503 10
2504 11
2505 10
2506 11
2507 10
2508 11
2509 10
2510 11
2511 10
2512 11
2513 10
2514 11
2515 10
2516 11
2517 10
2518 11
2519 10
2520 11
2521 10
2522 11
2523 10
2524 11
2525 10
2526 11
2527 10
2528 11
2529 10
2530 11
2531 10
2532 11
2533 10
2534 11
2535 10
2536 11
2537 10
2538 11
2539 10
2540 11
2541 10
2542 11
2543 10
2544 11
2545 10
2546 11
2547 10
2548 11
2549 10
2550 11
2551 10
2552 11
2553 10
2554 11
2555 10
2556 11
2557 10
2558 11
2559 10
2560 11
2561 10
2562 11
2563 10
2564 11
2565 10
2566 11
2567 10
2568 11
2569 10
2570 11
2571 10
2572 11
2573 10
2574 9
2575 10
2576 11
2577 10
2578 11
2579 10
2580 11
2581 10
2582 11
2583 10
2584 11
2585 10
2586 11
2587 10
2588 11
2589 10
2590 11
2591 10
2592 11
2593 10
2594 11
2595 10
2596 11
2597 10
2598 11
2599 10
2600 11
2601 10
2602 11
2603 10
2604 11
2605 10
2606 11
2607 10
2608 11
2609 10
2610 11
2611 10
2612 11
2613 10
2614 11
2615 10
2616 11
2617 10
2618 11
2619 10
2620 11
2621 10
2622 11
2623 10
2624 11
2625 10
2626 11
2627 10
2628 11
2629 10
2630 11
2631 10
2632 11
2633 10
2634 11
2635 10
2636 11
2637 10
2638 11
2639 10
2640 11
2641 10
2642 9
2643 8
2644 7
2645 8
2646 9
2647 10
2648 11
2649 10
2650 11
2651 10
2652 11
2653 10
2654 11
2655 10
2656 11
2657 10
2658 11
2659 10
2660 11
2661 10
2662 11
2663 10
2664 11
2665 10
2666 11
2667 10
2668 11
2669 10
2670 11
2671 10
2672 11
2673 10
2674 11
2675 10
2676 11
2677 10
2678 11
2679 10
2680 11
2681 10
2682 11
2683 10
2684 11
2685 10
2686 11
2687 10
2688 11
2689 10
2690 11
2691 10
2692 11
2693 10
2694 11
2695 10
2696 11
2697 10
2698 11
2699 10
2700 11
2701 10
2702 11
2703 10
2704 11
2705 10
2706 11
2707 10
2708 11
2709 10
2710 11
2711 10
2712 11
2713 10
2714 11
2715 10
2716 11
2717 10
2718 11
2719 10
2720 11
2721 10
2722 11
2723 10
2724 11
2725 10
2726 11
2727 10
2728 11
2729 10
2730 11
2731 10
2732 11
2733 10
2734 11
2735 10
2736 11
2737 10
2738 11
2739 10
2740 11
2741 10
2742 11
2743 10
2744 11
2745 10
2746 11
2747 10
2748 11
2749 10
2750 11
2751 10
2752 11
2753 10
2754 11
2755 10
2756 11
2757 10
2758 11
2759 10
2760 11
2761 10
2762 11
2763 10
2764 11
2765 10
2766 11
2767 10
2768 11
2769 10
2770 11
2771 10
2772 11
2773 10
2774 9
2775 8
2776 9
2777 10
2778 11
2779 10
2780 11
2781 10
2782 11
2783 10
2784 11
2785 10
2786 11
2787 10
2788 11
2789 10
2790 11
2791 10
2792 11
2793 10
2794 11
2795 10
2796 11
2797 10
2798 11
2799 10
2800 11
2801 10
2802 11
2803 10
2804 11
2805 10
2806 11
2807 10
2808 11
2809 10
2810 11
2811 10
2812 11
2813 10
2814 11
2815 10
2816 11
2817 10
2818 11
2819 10
2820 11
2821 10
2822 11
2823 10
2824 11
2825 10
2826 11
2827 10
2828 11
2829 10
2830 11
2831 10
2832 11
2833 10
2834 11
2835 10
2836 11
2837 10
2838 11
2839 10
2840 11
2841 10
2842 11
2843 10
2844 11
2845 10
2846 11
2847 10
2848 11
2849 10
2850 11
2851 10
2852 11
2853 10
2854 11
2855 10
2856 11
2857 10
2858 11
2859 10
2860 11
2861 10
2862 11
2863 10
2864 11
2865 10
2866 11
2867 10
2868 11
2869 10
2870 11
2871 10
2872 11
2873 10
2874 11
2875 10
2876 11
2877 10
2878 11
2879 10
2880 11
2881 10
2882 11
2883 10
2884 11
2885 10
2886 11
2887 10
2888 11
2889 10
2890 11
2891 10
2892 11
2893 10
2894 11
2895 10
2896 11
2897 10
2898 11
2899 10
2900 11
2901 10
2902 11
2903 10
2904 11
2905 10
2906 11
2907 10
2908 11
2909 10
2910 11
2911 10
2912 11
2913 10
2914 11
2915 10
2916 11
2917 10
2918 11
2919 10
2920 11
2921 10
2922 11
2923 10
2924 11
2925 10
2926 11
2927 10
2928 11
2929 10
2930 11
2931 10
2932 11
2933 10
2934 11
2935 10
2936 11
2937 10
2938 11
2939 10
2940 11
2941 10
2942 11
2943 10
2944 11
2945 10
2946 11
2947 10
2948 11
2949 10
2950 11
2951 10
2952 11
2953 10
2954 11
2955 10
2956 11
2957 10
2958 11
2959 10
2960 11
2961 10
2962 11
2963 10
2964 11
2965 10
2966 11
2967 10
2968 11
2969 10
2970 11
2971 10
2972 11
2973 10
2974 11
2975 10
2976 11
2977 10
2978 11
2979 10
2980 11
2981 10
2982 11
2983 10
2984 11
2985 10
2986 11
2987 10
2988 11
2989 10
2990 11
2991 10
2992 11
2993 10
2994 11
2995 10
2996 11
2997 10
2998 11
2999 10
3000 11
3001 10
3002 11
3003 10
3004 11
3005 10
3006 11
3007 10
3008 11
3009 10
3010 11
3011 10
3012 11
3013 10
3014 11
3015 10
3016 11
3017 10
3018 11
3019 10
3020 11
3021 10
3022 11
3023 10
3024 11
3025 10
3026 11
3027 10
3028 11
3029 10
3030 11
3031 10
3032 11
3033 10
3034 11
3035 10
3036 11
3037 10
3038 11
3039 10
3040 11
3041 10
3042 11
3043 10
3044 11
3045 10
3046 11
3047 10
3048 11
3049 10
3050 11
3051 10
3052 11
3053 10
3054 11
3055 10
3056 11
3057 10
3058 11
3059 10
3060 11
3061 10
3062 11
3063 10
3064 11
3065 10
3066 11
3067 10
3068 11
3069 10
3070 11
3071 10
3072 11
3073 10
3074 11
3075 10
3076 11
3077 10
3078 11
3079 10
3080 11
3081 10
3082 11
3083 10
3084 11
3085 10
3086 11
3087 10
3088 11
3089 10
3090 11
3091 10
3092 11
3093 10
3094 11
3095 10
3096 11
3097 10
3098 11
3099 10
3100 11
3101 10
3102 11
3103 10
3104 11
3105 10
3106 11
3107 10
3108 11
3109 10
3110 11
3111 10
3112 11
3113 10
3114 11
3115 10
3116 11
3117 10
3118 11
3119 10
3120 11
3121 10
3122 11
3123 10
3124 11
3125 10
3126 11
3127 10
3128 11
3129 10
3130 11
3131 10
3132 11
3133 10
3134 11
3135 10
3136 11
3137 10
3138 11
3139 10
3140 11
3141 10
3142 11
3143 10
3144 11
3145 10
3146 11
3147 10
3148 11
3149 10
3150 11
3151 10
3152 11
3153 10
3154 11
3155 10
3156 11
3157 10
3158 11
3159 10
3160 11
3161 10
3162 11
3163 10
3164 11
3165 10
3166 11
3167 10
3168 11
3169 10
3170 11
3171 10
3172 11
3173 10
3174 11
3175 10
3176 11
3177 10
3178 11
3179 10
3180 11
3181 10
3182 11
3183 10
3184 11
3185 10
3186 11
3187 10
3188 11
3189 10
3190 11
3191 10
3192 11
3193 10
3194 11
3195 10
3196 11
3197 10
3198 11
3199 10
3200 11
3201 10
3202 11
3203 10
3204 11
3205 10
3206 11
3207 10
3208 11
3209 10
3210 11
3211 10
3212 11
3213 10
3214 11
3215 10
3216 11
3217 10
3218 11
3219 10
3220 11
3221 10
3222 11
3223 10
3224 11
3225 10
3226 11
3227 10
3228 11
3229 10
3230 11
3231 10
3232 11
3233 10
3234 11
3235 10
3236 11
3237 10
3238 11
3239 10
3240 11
3241 10
3242 11
3243 10
3244 11
3245 10
3246 11
3247 10
3248 11
3249 10
3250 11
3251 10
3252 11
3253 10
3254 11
3255 10
3256 11
3257 10
3258 11
3259 10
3260 11
3261 10
3262 11
3263 10
3264 11
3265 10
3266 11
3267 10
3268 11
3269 10
3270 11
3271 10
3272 11
3273 10
3274 11
3275 10
3276 11
3277 10
3278 11
3279 10
3280 11
3281 10
3282 11
3283 10
3284 11
3285 10
3286 11
3287 10
3288 11
3289 10
3290 11
3291 10
3292 11
3293 10
3294 11
3295 10
3296 11
3297 10
3298 11
3299 10
3300 11
3301 10
3302 11
3303 10
3304 11
3305 10
3306 11
3307 10
3308 11
3309 10
3310 11
3311 10
3312 11
3313 10
3314 11
3315 10
3316 11
3317 10
3318 11
3319 10
3320 11
3321 10
3322 11
3323 10
3324 11
3325 10
3326 11
3327 10
3328 11
3329 10
3330 11
3331 10
3332 11
3333 10
3334 11
3335 10
3336 11
3337 10
3338 11
3339 10
3340 11
3341 10
3342 11
3343 10
3344 11
3345 10
3346 11
3347 10
3348 11
3349 10
3350 11
3351 10
3352 11
3353 10
3354 11
3355 10
3356 11
3357 10
3358 11
3359 10
3360 11
3361 10
3362 11
3363 10
3364 11
3365 10
3366 11
3367 10
3368 11
3369 10
3370 11
3371 10
3372 11
3373 10
3374 11
3375 10
3376 11
3377 10
3378 11
3379 10
3380 11
3381 10
3382 11
3383 10
3384 11
3385 10
3386 11
3387 10
3388 11
3389 10
3390 11
3391 10
3392 11
3393 10
3394 11
3395 10
3396 11
3397 10
3398 11
3399 10
3400 11
3401 10
3402 9
3403 8
3404 7
3405 8
3406 9
3407 10
3408 11
3409 10
3410 11
3411 10
3412 11
3413 10
3414 11
3415 10
3416 11
3417 10
3418 9
3419 10
3420 11
3421 10
3422 11
3423 10
3424 11
3425 10
3426 11
3427 10
3428 11
3429 10
3430 11
3431 10
3432 11
3433 10
3434 11
3435 10
3436 11
3437 10
3438 11
3439 10
3440 11
3441 10
3442 11
3443 10
3444 11
3445 10
3446 11
3447 10
3448 11
3449 10
3450 11
3451 10
3452 11
3453 10
3454 11
3455 10
3456 11
3457 10
3458 11
3459 10
3460 11
3461 10
3462 11
3463 10
3464 11
3465 10
3466 11
3467 10
3468 11
3469 10
3470 11
3471 10
3472 11
3473 10
3474 11
3475 10
3476 11
3477 10
3478 11
3479 10
3480 11
3481 10
3482 11
3483 10
3484 11
3485 10
3486 11
3487 10
3488 11
3489 10
3490 11
3491 10
3492 11
3493 10
3494 11
3495 10
3496 11
3497 10
3498 11
3499 10
3500 11
3501 10
3502 11
3503 10
3504 11
3505 10
3506 11
3507 10
3508 11
3509 10
3510 11
3511 10
3512 11
3513 10
3514 11
3515 10
3516 11
3517 10
3518 11
3519 10
3520 11
3521 10
3522 11
3523 10
3524 11
3525 10
3526 11
3527 10
3528 11
3529 10
3530 11
3531 10
3532 11
3533 10
3534 11
3535 10
3536 11
3537 10
3538 11
3539 10
3540 11
3541 10
3542 11
3543 10
3544 11
3545 10
3546 11
3547 10
3548 11
3549 10
3550 11
3551 10
3552 11
3553 10
3554 11
3555 10
3556 11
3557 10
3558 11
3559 10
3560 11
3561 10
3562 11
3563 10
3564 11
3565 10
3566 11
3567 10
3568 11
3569 10
3570 11
3571 10
3572 11
3573 10
3574 11
3575 10
3576 11
3577 10
3578 11
3579 10
3580 11
3581 10
3582 11
3583 10
3584 11
3585 10
3586 11
3587 10
3588 11
3589 10
3590 11
3591 10
3592 11
3593 10
3594 11
3595 10
3596 11
3597 10
3598 11
3599 10
3600 11
3601 10
3602 11
3603 10
3604 11
3605 10
3606 11
3607 10
3608 11
3609 10
3610 11
3611 10
3612 11
3613 10
3614 11
3615 10
3616 11
3617 10
3618 11
3619 10
3620 11
3621 10
3622 11
3623 10
3624 11
3625 10
3626 11
3627 10
3628 11
3629 10
3630 11
3631 10
3632 11
3633 10
3634 11
3635 10
3636 11
3637 10
3638 11
3639 10
3640 11
3641 10
3642 11
3643 10
3644 11
3645 10
3646 11
3647 10
3648 11
3649 10
3650 11
3651 10
3652 11
3653 10
3654 11
3655 10
3656 11
3657 10
3658 11
3659 10
3660 11
3661 10
3662 11
3663 10
3664 11
3665 10
3666 11
3667 10
3668 11
3669 10
3670 11
3671 10
3672 11
3673 10
3674 11
3675 10
3676 11
3677 10
3678 11
3679 10
3680 11
3681 10
3682 11
3683 10
3684 11
3685 10
3686 11
3687 10
3688 11
3689 10
3690 11
3691 10
3692 11
3693 10
3694 11
3695 10
3696 11
3697 10
3698 11
3699 10
3700 11
3701 10
3702 11
3703 10
3704 11
3705 10
3706 11
3707 10
3708 11
3709 10
3710 11
3711 10
3712 11
3713 10
3714 11
3715 10
3716 11
3717 10
3718 11
3719 10
3720 11
3721 10
3722 11
3723 10
3724 11
3725 10
3726 11
3727 10
3728 11
3729 10
3730 11
3731 10
3732 11
3733 10
3734 11
3735 10
3736 11
3737 10
3738 11
3739 10
3740 11
3741 10
3742 11
3743 10
3744 11
3745 10
3746 11
3747 10
3748 11
3749 10
3750 11
3751 10
3752 11
3753 10
3754 11
3755 10
3756 11
3757 10
3758 11
3759 10
3760 11
3761 10
3762 11
3763 10
3764 11
3765 10
3766 11
3767 10
3768 11
3769 10
3770 11
3771 10
3772 11
3773 10
3774 11
3775 10
3776 11
3777 10
3778 11
3779 10
3780 11
3781 10
3782 11
3783 10
3784 11
3785 10
3786 11
3787 10
3788 11
3789 10
3790 11
3791 10
3792 11
3793 10
3794 11
3795 10
3796 11
3797 10
3798 11
3799 10
3800 11
3801 10
3802 11
3803 10
3804 11
3805 10
3806 11
3807 10
3808 11
3809 10
3810 11
3811 10
3812 11
3813 10
3814 11
3815 10
3816 11
3817 10
3818 11
3819 10
3820 11
3821 10
3822 11
3823 10
3824 11
3825 10
3826 11
3827 10
3828 11
3829 10
3830 11
3831 10
3832 11
3833 10
3834 11
3835 10
3836 11
3837 10
3838 11
3839 10
3840 11
3841 10
3842 11
3843 10
3844 11
3845 10
3846 11
3847 10
3848 11
3849 10
3850 11
3851 10
3852 11
3853 10
3854 11
3855 10
3856 11
3857 10
3858 11
3859 10
3860 11
3861 10
3862 11
3863 10
3864 11
3865 10
3866 11
3867 10
3868 11
3869 10
3870 11
3871 10
3872 11
3873 10
3874 11
3875 10
3876 11
3877 10
3878 11
3879 10
3880 11
3881 10
3882 11
3883 10
3884 11
3885 10
3886 11
3887 10
3888 11
3889 10
3890 11
3891 10
3892 11
3893 10
3894 11
3895 10
3896 11
3897 10
3898 11
3899 10
3900 11
3901 10
3902 11
3903 10
3904 11
3905 10
3906 11
3907 10
3908 11
3909 10
3910 11
3911 10
3912 11
3913 10
3914 11
3915 10
3916 11
3917 10
3918 11
3919 10
3920 11
3921 10
3922 11
3923 10
3924 11
3925 10
3926 11
3927 10
3928 11
3929 10
3930 11
3931 10
3932 11
3933 10
3934 11
3935 10
3936 11
3937 10
3938 11
3939 10
3940 11
3941 10
3942 11
3943 10
3944 11
3945 10
3946 11
3947 10
3948 11
3949 10
3950 11
3951 10
3952 11
3953 10
3954 11
3955 10
3956 11
3957 10
3958 11
3959 10
3960 11
3961 10
3962 11
3963 10
3964 11
3965 10
3966 11
3967 10
3968 11
3969 10
3970 11
3971 10
3972 11
3973 10
3974 11
3975 10
3976 11
3977 10
3978 11
3979 10
3980 11
3981 10
3982 11
3983 10
3984 11
3985 10
3986 11
3987 10
3988 11
3989 10
3990 11
3991 10
3992 11
3993 10
3994 9
3995 8
3996 9
3997 10
3998 11
3999 10
4000 11
4001 10
4002 11
4003 10
4004 11
4005 10
4006 11
4007 10
4008 11
4009 10
4010 11
4011 10
4012 11
4013 10
4014 11
4015 10
4016 11
4017 10
4018 11
4019 10
4020 11
4021 10
4022 11
4023 10
4024 11
4025 10
4026 11
4027 10
4028 11
4029 10
4030 11
4031 10
4032 11
4033 10
4034 11
4035 10
4036 11
4037 10
4038 11
4039 10
4040 11
4041 10
4042 11
4043 10
4044 11
4045 10
4046 11
4047 10
4048 11
4049 10
4050 11
4051 10
4052 11
4053 10
4054 11
4055 10
4056 11
4057 10
4058 11
4059 10
4060 11
4061 10
4062 11
4063 10
4064 11
4065 10
4066 11
4067 10
4068 11
4069 10
4070 11
4071 10
4072 11
4073 10
4074 11
4075 10
4076 11
4077 10
4078 11
4079 10
4080 11
4081 10
4082 11
4083 10
4084 11
4085 10
4086 11
4087 10
4088 11
4089 10
4090 11
4091 10
4092 11
4093 10
4094 11
4095 10
4096 11
4097 10
4098 9
4099 8
4100 7
4101 6
4102 7
4103 8
4104 9
4105 10
4106 11
4107 10
4108 11
4109 10
4110 11
4111 10
4112 11
4113 10
4114 11
4115 10
4116 11
4117 10
4118 11
4119 10
4120 11
4121 10
4122 11
4123 10
4124 11
4125 10
4126 11
4127 10
4128 11
4129 10
4130 11
4131 10
4132 11
4133 10
4134 11
4135 10
4136 11
4137 10
4138 11
4139 10
4140 11
4141 10
4142 11
4143 10
4144 11
4145 10
4146 11
4147 10
4148 11
4149 10
4150 11
4151 10
4152 11
4153 10
4154 11
4155 10
4156 11
4157 10
4158 11
4159 10
4160 11
4161 10
4162 11
4163 10
4164 11
4165 10
4166 11
4167 10
4168 11
4169 10
4170 11
4171 10
4172 11
4173 10
4174 11
4175 10
4176 11
4177 10
4178 11
4179 10
4180 11
4181 10
4182 11
4183 10
4184 11
4185 10
4186 11
4187 10
4188 11
4189 10
4190 11
4191 10
4192 11
4193 10
4194 11
4195 10
4196 11
4197 10
4198 11
4199 10
4200 11
4201 10
4202 11
4203 10
4204 11
4205 10
4206 11
4207 10
4208 11
4209 10
4210 11
4211 10
4212 11
4213 10
4214 11
4215 10
4216 11
4217 10
4218 11
4219 10
4220 11
4221 10
4222 11
4223 10
4224 11
4225 10
4226 11
4227 10
4228 11
4229 10
4230 11
4231 10
4232 11
4233 10
4234 11
4235 10
4236 11
4237 10
4238 11
4239 10
4240 11
4241 10
4242 11
4243 10
4244 11
4245 10
4246 11
4247 10
4248 11
4249 10
4250 11
4251 10
4252 11
4253 10
4254 11
4255 10
4256 11
4257 10
4258 11
4259 10
4260 11
4261 10
4262 11
4263 10
4264 11
4265 10
4266 11
4267 10
4268 11
4269 10
4270 11
4271 10
4272 11
4273 10
4274 11
4275 10
4276 11
4277 10
4278 11
4279 10
4280 11
4281 10
4282 11
4283 10
4284 11
4285 10
4286 11
4287 10
4288 11
4289 10
4290 11
4291 10
4292 11
4293 10
4294 11
4295 10
4296 11
4297 10
4298 11
4299 10
4300 11
4301 10
4302 11
4303 10
4304 11
4305 10
4306 11
4307 10
4308 11
4309 10
4310 11
4311 10
4312 11
4313 10
4314 11
4315 10
4316 11
4317 10
4318 11
4319 10
4320 11
4321 10
4322 11
4323 10
4324 11
4325 10
4326 11
4327 10
4328 11
4329 10
4330 11
4331 10
4332 11
4333 10
4334 11
4335 10
4336 11
4337 10
4338 11
4339 10
4340 11
4341 10
4342 11
4343 10
4344 11
4345 10
4346 11
4347 10
4348 11
4349 10
4350 11
4351 10
4352 11
4353 10
4354 11
4355 10
4356 11
4357 10
4358 11
4359 10
4360 11
4361 10
4362 11
4363 10
4364 11
4365 10
4366 11
4367 10
4368 11
4369 10
4370 11
4371 10
4372 11
4373 10
4374 11
4375 10
4376 11
4377 10
4378 11
4379 10
4380 11
4381 10
4382 11
4383 10
4384 11
4385 10
4386 11
4387 10
4388 11
4389 10
4390 11
4391 10
4392 11
4393 10
4394 11
4395 10
4396 11
4397 10
4398 11
4399 10
4400 11
4401 10
4402 11
4403 10
4404 11
4405 10
4406 11
4407 10
4408 11
4409 10
4410 11
4411 10
4412 11
4413 10
4414 11
4415 10
4416 11
4417 10
4418 11
4419 10
4420 11
4421 10
4422 11
4423 10
4424 11
4425 10
4426 11
4427 10
4428 11
4429 10
4430 11
4431 10
4432 11
4433 10
4434 11
4435 10
4436 11
4437 10
4438 11
4439 10
4440 11
4441 10
4442 11
4443 10
4444 11
4445 10
4446 11
4447 10
4448 11
4449 10
4450 11
4451 10
4452 11
4453 10
4454 11
4455 10
4456 11
4457 10
4458 11
4459 10
4460 11
4461 10
4462 11
4463 10
4464 11
4465 10
4466 11
4467 10
4468 11
4469 10
4470 11
4471 10
4472 9
4473 10
4474 11
4475 10
4476 11
4477 10
4478 11
4479 10
4480 11
4481 10
4482 11
4483 10
4484 11
4485 10
4486 11
4487 10
4488 11
4489 10
4490 11
4491 10
4492 11
4493 10
4494 11
4495 10
4496 11
4497 10
4498 11
4499 10
4500 11
4501 10
4502 11
4503 10
4504 11
4505 10
4506 11
4507 10
4508 11
4509 10
4510 11
4511 10
4512 11
4513 10
4514 11
4515 10
4516 11
4517 10
4518 11
4519 10
4520 11
4521 10
4522 11
4523 10
4524 11
4525 10
4526 11
4527 10
4528 11
4529 10
4530 11
4531 10
4532 11
4533 10
4534 11
4535 10
4536 11
4537 10
4538 11
4539 10
4540 11
4541 10
4542 11
4543 10
4544 11
4545 10
4546 11
4547 10
4548 11
4549 10
4550 11
4551 10
4552 11
4553 10
4554 11
4555 10
4556 11
4557 10
4558 11
4559 10
4560 11
4561 10
4562 11
4563 10
4564 11
4565 10
4566 11
4567 10
4568 11
4569 10
4570 11
4571 10
4572 11
4573 10
4574 11
4575 10
4576 11
4577 10
4578 11
4579 10
4580 11
4581 10
4582 9
4583 10
4584 11
4585 10
4586 11
4587 10
4588 11
4589 10
4590 11
4591 10
4592 11
4593 10
4594 11
4595 10
4596 11
4597 10
4598 11
4599 10
4600 11
4601 10
4602 11
4603 10
4604 11
4605 10
4606 11
4607 10
4608 11
4609 10
4610 11
4611 10
4612 11
4613 10
4614 11
4615 10
4616 11
4617 10
4618 11
4619 10
4620 11
4621 10
4622 11
4623 10
4624 11
4625 10
4626 11
4627 10
4628 11
4629 10
4630 11
4631 10
4632 11
4633 10
4634 11
4635 10
4636 11
4637 10
4638 11
4639 10
4640 11
4641 10
4642 11
4643 10
4644 11
4645 10
4646 11
4647 10
4648 11
4649 10
4650 11
4651 10
4652 11
4653 10
4654 11
4655 10
4656 11
4657 10
4658 11
4659 10
4660 11
4661 10
4662 11
4663 10
4664 11
4665 10
4666 11
4667 10
4668 11
4669 10
4670 11
4671 10
4672 11
4673 10
4674 11
4675 10
4676 11
4677 10
4678 11
4679 10
4680 11
4681 10
4682 11
4683 10
4684 11
4685 10
4686 11
4687 10
4688 11
4689 10
4690 11
4691 10
4692 11
4693 10
4694 11
4695 10
4696 11
4697 10
4698 11
4699 10
4700 11
4701 10
4702 11
4703 10
4704 11
4705 10
4706 11
4707 10
4708 11
4709 10
4710 11
4711 10
4712 11
4713 10
4714 11
4715 10
4716 11
4717 10
4718 11
4719 10
4720 11
4721 10
4722 11
4723 10
4724 11
4725 10
4726 11
4727 10
4728 11
4729 10
4730 11
4731 10
4732 11
4733 10
4734 11
4735 10
4736 11
4737 10
4738 11
4739 10
4740 11
4741 10
4742 11
4743 10
4744 11
4745 10
4746 11
4747 10
4748 11
4749 10
4750 11
4751 10
4752 11
4753 10
4754 11
4755 10
4756 11
4757 10
4758 11
4759 10
4760 11
4761 10
4762 11
4763 10
4764 11
4765 10
4766 11
4767 10
4768 11
4769 10
4770 11
4771 10
4772 11
4773 10
4774 11
4775 10
4776 11
4777 10
4778 11
4779 10
4780 11
4781 10
4782 11
4783 10
4784 11
4785 10
4786 11
4787 10
4788 11
4789 10
4790 11
4791 10
4792 11
4793 10
4794 11
4795 10
4796 11
4797 10
4798 11
4799 10
4800 11
4801 10
4802 11
4803 10
4804 11
4805 10
4806 11
4807 10
4808 11
4809 10
4810 11
4811 10
4812 11
4813 10
4814 11
4815 10
4816 11
4817 10
4818 11
4819 10
4820 11
4821 10
4822 11
4823 10
4824 11
4825 10
4826 11
4827 10
4828 11
4829 10
4830 11
4831 10
4832 11
4833 10
4834 11
4835 10
4836 11
4837 10
4838 11
4839 10
4840 11
4841 10
4842 11
4843 10
4844 11
4845 10
4846 11
4847 10
4848 11
4849 10
4850 11
4851 10
4852 11
4853 10
4854 11
4855 10
4856 11
4857 10
4858 11
4859 10
4860 11
4861 10
4862 11
4863 10
4864 11
4865 10
4866 11
4867 10
4868 11
4869 10
4870 11
4871 10
4872 11
4873 10
4874 11
4875 10
4876 11
4877 10
4878 9
4879 10
4880 11
4881 10
4882 11
4883 10
4884 11
4885 10
4886 11
4887 10
4888 11
4889 10
4890 11
4891 10
4892 11
4893 10
4894 11
4895 10
4896 11
4897 10
4898 11
4899 10
4900 11
4901 10
4902 11
4903 10
4904 11
4905 10
4906 11
4907 10
4908 11
4909 10
4910 11
4911 10
4912 11
4913 10
4914 11
4915 10
4916 11
4917 10
4918 11
4919 10
4920 11
4921 10
4922 11
4923 10
4924 11
4925 10
4926 11
4927 10
4928 11
4929 10
4930 11
4931 10
4932 11
4933 10
4934 11
4935 10
4936 11
4937 10
4938 11
4939 10
4940 11
4941 10
4942 11
4943 10
4944 11
4945 10
4946 11
4947 10
4948 11
4949 10
4950 11
4951 10
4952 11
4953 10
4954 11
4955 10
4956 11
4957 10
4958 11
4959 10
4960 11
4961 10
4962 11
4963 10
4964 11
4965 10
4966 11
4967 10
4968 11
4969 10
4970 11
4971 10
4972 11
4973 10
4974 11
4975 10
4976 11
4977 10
4978 11
4979 10
4980 11
4981 10
4982 11
4983 10
4984 11
4985 10
4986 11
4987 10
4988 11
4989 10
4990 11
4991 10
4992 11
4993 10
4994 11
4995 10
4996 11
4997 10
4998 11
4999 10
5000 11
5001 10
5002 11
5003 10
5004 11
5005 10
5006 11
5007 10
5008 11
5009 10
5010 11
5011 10
5012 11
5013 10
5014 11
5015 10
5016 11
5017 10
5018 11
5019 10
5020 11
5021 10
5022 11
5023 10
5024 11
5025 10
5026 11
5027 10
5028 11
5029 10
5030 11
5031 10
5032 11
5033 10
5034 11
5035 10
5036 11
5037 10
5038 11
5039 10
5040 11
5041 10
5042 11
5043 10
5044 11
5045 10
5046 11
5047 10
5048 11
5049 10
5050 11
5051 10
5052 11
5053 10
5054 11
5055 10
5056 11
5057 10
5058 11
5059 10
5060 11
5061 10
5062 11
5063 10
5064 11
5065 10
5066 11
5067 10
5068 11
5069 10
5070 11
5071 10
5072 11
5073 10
5074 11
5075 10
5076 11
5077 10
5078 11
5079 10
5080 11
5081 10
5082 11
5083 10
5084 11
5085 10
5086 11
5087 10
5088 11
5089 10
5090 11
5091 10
5092 11
5093 10
5094 11
5095 10
5096 11
5097 10
5098 11
5099 10
5100 11
5101 10
5102 11
5103 10
5104 11
5105 10
5106 11
5107 10
5108 11
5109 10
5110 11
5111 10
5112 11
5113 10
5114 11
5115 10
5116 11
5117 10
5118 11
5119 10
5120 11
5121 10
5122 11
5123 10
5124 11
5125 10
5126 11
5127 10
5128 11
5129 10
5130 11
5131 10
5132 11
5133 10
5134 11
5135 10
5136 11
5137 10
5138 11
5139 10
5140 11
5141 10
5142 11
5143 10
5144 9
5145 8
5146 9
5147 10
5148 11
5149 10
5150 11
5151 10
5152 11
5153 10
5154 11
5155 10
5156 11
5157 10
5158 11
5159 10
5160 11
5161 10
5162 11
5163 10
5164 11
5165 10
5166 11
5167 10
5168 11
5169 10
5170 11
5171 10
5172 11
5173 10
5174 11
5175 10
5176 11
5177 10
5178 11
5179 10
5180 11
5181 10
5182 11
5183 10
5184 11
5185 10
5186 11
5187 10
5188 11
5189 10
5190 11
5191 10
5192 11
5193 10
5194 11
5195 10
5196 11
5197 10
5198 11
5199 10
5200 11
5201 10
5202 11
5203 10
5204 11
5205 10
5206 11
5207 10
5208 11
5209 10
5210 11
5211 10
5212 11
5213 10
5214 11
5215 10
5216 11
5217 10
5218 11
5219 10
5220 11
5221 10
5222 11
5223 10
5224 11
5225 10
5226 11
5227 10
5228 11
5229 10
5230 11
5231 10
5232 11
5233 10
5234 11
5235 10
5236 11
5237 10
5238 11
5239 10
5240 11
5241 10
5242 11
5243 10
5244 11
5245 10
5246 11
5247 10
5248 11
5249 10
5250 11
5251 10
5252 11
5253 10
5254 11
5255 10
5256 11
5257 10
5258 11
5259 10
5260 11
5261 10
5262 11
5263 10
5264 11
5265 10
5266 11
5267 10
5268 11
5269 10
5270 11
5271 10
5272 11
5273 10
5274 11
5275 10
5276 11
5277 10
5278 11
5279 10
5280 11
5281 10
5282 11
5283 10
5284 11
5285 10
5286 11
5287 10
5288 11
5289 10
5290 11
5291 10
5292 11
5293 10
5294 11
5295 10
5296 11
5297 10
5298 11
5299 10
5300 11
5301 10
5302 11
5303 10
5304 11
5305 10
5306 11
5307 10
5308 11
5309 10
5310 11
5311 10
5312 11
5313 10
5314 11
5315 10
5316 11
5317 10
5318 11
5319 10
5320 11
5321 10
5322 11
5323 10
5324 11
5325 10
5326 11
5327 10
5328 11
5329 10
5330 11
5331 10
5332 11
5333 10
5334 11
5335 10
5336 11
5337 10
5338 11
5339 10
5340 11
5341 10
5342 11
5343 10
5344 11
5345 10
5346 11
5347 10
5348 11
5349 10
5350 11
5351 10
5352 11
5353 10
5354 11
5355 10
5356 11
5357 10
5358 11
5359 10
5360 11
5361 10
5362 11
5363 10
5364 11
5365 10
5366 11
5367 10
5368 11
5369 10
5370 11
5371 10
5372 11
5373 10
5374 11
5375 10
5376 11
5377 10
5378 11
5379 10
5380 11
5381 10
5382 11
5383 10
5384 11
5385 10
5386 11
5387 10
5388 11
5389 10
5390 11
5391 10
5392 11
5393 10
5394 11
5395 10
5396 11
5397 10
5398 11
5399 10
5400 11
5401 10
5402 11
5403 10
5404 11
5405 10
5406 11
5407 10
5408 11
5409 10
5410 11
5411 10
5412 11
5413 10
5414 11
5415 10
5416 11
5417 10
5418 11
5419 10
5420 11
5421 10
5422 11
5423 10
5424 11
5425 10
5426 11
5427 10
5428 11
5429 10
5430 11
5431 10
5432 11
5433 10
5434 11
5435 10
5436 11
5437 10
5438 11
5439 10
5440 11
5441 10
5442 11
5443 10
5444 11
5445 10
5446 11
5447 10
5448 11
5449 10
5450 11
5451 10
5452 11
5453 10
5454 11
5455 10
5456 11
5457 10
5458 11
5459 10
5460 11
5461 10
5462 11
5463 10
5464 11
5465 10
5466 11
5467 10
5468 11
5469 10
5470 11
5471 10
5472 11
5473 10
5474 11
5475 10
5476 11
5477 10
5478 11
5479 10
5480 11
5481 10
5482 11
5483 10
5484 11
5485 10
5486 11
5487 10
5488 11
5489 10
5490 11
5491 10
5492 11
5493 10
5494 11
5495 10
5496 11
5497 10
5498 11
5499 10
5500 11
5501 10
5502 11
5503 10
5504 11
5505 10
5506 11
5507 10
5508 11
5509 10
5510 11
5511 10
5512 11
5513 10
5514 11
5515 10
5516 11
5517 10
5518 11
5519 10
5520 11
5521 10
5522 11
5523 10
5524 11
5525 10
5526 11
5527 10
5528 11
5529 10
5530 11
5531 10
5532 11
5533 10
5534 11
5535 10
5536 11
5537 10
5538 11
5539 10
5540 11
5541 10
5542 11
5543 10
5544 11
5545 10
5546 11
5547 10
5548 11
5549 10
5550 11
5551 10
5552 11
5553 10
5554 11
5555 10
5556 11
5557 10
5558 11
5559 10
5560 11
5561 10
5562 11
5563 10
5564 11
5565 10
5566 11
5567 10
5568 11
5569 10
5570 11
5571 10
5572 11
5573 10
5574 11
5575 10
5576 11
5577 10
5578 11
5579 10
5580 11
5581 10
5582 11
5583 10
5584 11
5585 10
5586 11
5587 10
5588 11
5589 10
5590 11
5591 10
5592 11
5593 10
5594 11
5595 10
5596 11
5597 10
5598 9
5599 10
5600 11
5601 10
5602 11
5603 10
5604 11
5605 10
5606 11
5607 10
5608 11
5609 10
5610 11
5611 10
5612 11
5613 10
5614 11
5615 10
5616 11
5617 10
5618 11
5619 10
5620 11
5621 10
5622 11
5623 10
5624 11
5625 10
5626 11
5627 10
5628 11
5629 10
5630 11
5631 10
5632 11
5633 10
5634 11
5635 10
5636 11
5637 10
5638 11
5639 10
5640 11
5641 10
5642 11
5643 10
5644 11
5645 10
5646 11
5647 10
5648 11
5649 10
5650 11
5651 10
5652 11
5653 10
5654 11
5655 10
5656 11
5657 10
5658 11
5659 10
5660 11
5661 10
5662 11
5663 10
5664 11
5665 10
5666 11
5667 10
5668 11
5669 10
5670 11
5671 10
5672 11
5673 10
5674 11
5675 10
5676 11
5677 10
5678 11
5679 10
5680 11
5681 10
5682 11
5683 10
5684 11
5685 10
5686 11
5687 10
5688 11
5689 10
5690 11
5691 10
5692 11
5693 10
5694 11
5695 10
5696 11
5697 10
5698 11
5699 10
5700 11
5701 10
5702 11
5703 10
5704 11
5705 10
5706 11
5707 10
5708 11
5709 10
5710 11
5711 10
5712 11
5713 10
5714 11
5715 10
5716 11
5717 10
5718 11
5719 10
5720 11
5721 10
5722 11
5723 10
5724 11
5725 10
5726 11
5727 10
5728 11
5729 10
5730 11
5731 10
5732 11
5733 10
5734 11
5735 10
5736 11
5737 10
5738 11
5739 10
5740 11
5741 10
5742 11
5743 10
5744 11
5745 10
5746 11
5747 10
5748 11
5749 10
5750 11
5751 10
5752 11
5753 10
5754 11
5755 10
5756 11
5757 10
5758 11
5759 10
5760 11
5761 10
5762 11
5763 10
5764 11
5765 10
5766 11
5767 10
5768 11
5769 10
5770 11
5771 10
5772 11
5773 10
5774 11
5775 10
5776 11
5777 10
5778 11
5779 10
5780 11
5781 10
5782 11
5783 10
5784 11
5785 10
5786 11
5787 10
5788 11
5789 10
5790 9
5791 8
5792 9
5793 10
5794 11
5795 10
5796 11
5797 10
5798 11
5799 10
5800 11
5801 10
5802 11
5803 10
5804 11
5805 10
5806 11
5807 10
5808 11
5809 10
5810 11
5811 10
5812 11
5813 10
5814 11
5815 10
5816 11
5817 10
5818 11
5819 10
5820 11
5821 10
5822 11
5823 10
5824 11
5825 10
5826 11
5827 10
5828 11
5829 10
5830 11
5831 10
5832 11
5833 10
5834 11
5835 10
5836 11
5837 10
5838 11
5839 10
5840 11
5841 10
5842 11
5843 10
5844 11
5845 10
5846 11
5847 10
5848 11
5849 10
5850 11
5851 10
5852 11
5853 10
5854 11
5855 10
5856 11
5857 10
5858 11
5859 10
5860 11
5861 10
5862 11
5863 10
5864 11
5865 10
5866 11
5867 10
5868 11
5869 10
5870 11
5871 10
5872 11
5873 10
5874 11
5875 10
5876 11
5877 10
5878 11
5879 10
5880 11
5881 10
5882 11
5883 10
5884 11
5885 10
5886 11
5887 10
5888 11
5889 10
5890 11
5891 10
5892 11
5893 10
5894 11
5895 10
5896 11
5897 10
5898 11
5899 10
5900 11
5901 10
5902 11
5903 10
5904 11
5905 10
5906 11
5907 10
5908 11
5909 10
5910 11
5911 10
5912 11
5913 10
5914 11
5915 10
5916 11
5917 10
5918 11
5919 10
5920 11
5921 10
5922 11
5923 10
5924 11
5925 10
5926 11
5927 10
5928 11
5929 10
5930 11
5931 10
5932 11
5933 10
5934 11
5935 10
5936 11
5937 10
5938 11
5939 10
5940 11
5941 10
5942 11
5943 10
5944 11
5945 10
5946 11
5947 10
5948 11
5949 10
5950 11
5951 10
5952 11
5953 10
5954 11
5955 10
5956 11
5957 10
5958 11
5959 10
5960 11
5961 10
5962 11
5963 10
5964 11
5965 10
5966 11
5967 10
5968 11
5969 10
5970 11
5971 10
5972 11
5973 10
5974 11
5975 10
5976 11
5977 10
5978 11
5979 10
5980 11
5981 10
5982 11
5983 10
5984 11
5985 10
5986 11
5987 10
5988 11
5989 10
5990 11
5991 10
5992 11
5993 10
5994 11
5995 10
5996 11
5997 10
5998 11
5999 10
6000 11
6001 10
6002 11
6003 10
6004 11
6005 10
6006 11
6007 10
6008 11
6009 10
6010 11
6011 10
6012 11
6013 10
6014 11
6015 10
6016 11
6017 10
6018 11
6019 10
6020 11
6021 10
6022 11
6023 10
6024 11
6025 10
6026 11
6027 10
6028 11
6029 10
6030 11
6031 10
6032 11
6033 10
6034 11
6035 10
6036 11
6037 10
6038 11
6039 10
6040 11
6041 10
6042 11
6043 10
6044 11
6045 10
6046 11
6047 10
6048 11
6049 10
6050 11
6051 10
6052 11
6053 10
6054 11
6055 10
6056 11
6057 10
6058 11
6059 10
6060 11
6061 10
6062 11
6063 10
6064 11
6065 10
6066 11
6067 10
6068 11
6069 10
6070 11
6071 10
6072 11
6073 10
6074 11
6075 10
6076 11
6077 10
6078 11
6079 10
6080 11
6081 10
6082 11
6083 10
6084 11
6085 10
6086 11
6087 10
6088 11
6089 10
6090 11
6091 10
6092 11
6093 10
6094 11
6095 10
6096 11
6097 10
6098 11
6099 10
6100 11
6101 10
6102 11
6103 10
6104 11
6105 10
6106 11
6107 10
6108 11
6109 10
6110 11
6111 10
6112 11
6113 10
6114 11
6115 10
6116 11
6117 10
6118 11
6119 10
6120 11
6121 10
6122 11
6123 10
6124 11
6125 10
6126 11
6127 10
6128 11
6129 10
6130 11
6131 10
6132 11
6133 10
6134 11
6135 10
6136 11
6137 10
6138 9
6139 10
6140 11
6141 10
6142 11
6143 10
6144 11
6145 10
6146 11
6147 10
6148 11
6149 10
6150 11
6151 10
6152 11
6153 10
6154 11
6155 10
6156 11
6157 10
6158 11
6159 10
6160 11
6161 10
6162 11
6163 10
6164 11
6165 10
6166 11
6167 10
6168 11
6169 10
6170 11
6171 10
6172 9
6173 10
6174 11
6175 10
6176 11
6177 10
6178 11
6179 10
6180 11
6181 10
6182 11
6183 10
6184 11
6185 10
6186 11
6187 10
6188 11
6189 10
6190 11
6191 10
6192 11
6193 10
6194 11
6195 10
6196 11
6197 10
6198 11
6199 10
6200 11
6201 10
6202 11
6203 10
6204 11
6205 10
6206 11
6207 10
6208 11
6209 10
6210 11
6211 10
6212 11
6213 10
6214 11
6215 10
6216 11
6217 10
6218 11
6219 10
6220 11
6221 10
6222 11
6223 10
6224 11
6225 10
6226 11
6227 10
6228 11
6229 10
6230 11
6231 10
6232 11
6233 10
6234 11
6235 10
6236 11
6237 10
6238 11
6239 10
6240 11
6241 10
6242 11
6243 10
6244 11
6245 10
6246 11
6247 10
6248 11
6249 10
6250 11
6251 10
6252 11
6253 10
6254 11
6255 10
6256 11
6257 10
6258 11
6259 10
6260 11
6261 10
6262 11
6263 10
6264 11
6265 10
6266 11
6267 10
6268 11
6269 10
6270 11
6271 10
6272 11
6273 10
6274 11
6275 10
6276 11
6277 10
6278 11
6279 10
6280 11
6281 10
6282 11
6283 10
6284 11
6285 10
6286 11
6287 10
6288 11
6289 10
6290 11
6291 10
6292 11
6293 10
6294 11
6295 10
6296 11
6297 10
6298 11
6299 10
6300 11
6301 10
6302 11
6303 10
6304 11
6305 10
6306 11
6307 10
6308 11
6309 10
6310 11
6311 10
6312 11
6313 10
6314 11
6315 10
6316 11
6317 10
6318 11
6319 10
6320 11
6321 10
6322 11
6323 10
6324 11
6325 10
6326 11
6327 10
6328 11
6329 10
6330 11
6331 10
6332 11
6333 10
6334 11
6335 10
6336 11
6337 10
6338 11
6339 10
6340 11
6341 10
6342 11
6343 10
6344 11
6345 10
6346 11
6347 10
6348 11
6349 10
6350 11
6351 10
6352 11
6353 10
6354 11
6355 10
6356 11
6357 10
6358 11
6359 10
6360 11
6361 10
6362 11
6363 10
6364 11
6365 10
6366 11
6367 10
6368 11
6369 10
6370 11
6371 10
6372 11
6373 10
6374 11
6375 10
6376 11
6377 10
6378 11
6379 10
6380 11
6381 10
6382 11
6383 10
6384 11
6385 10
6386 11
6387 10
6388 11
6389 10
6390 11
6391 10
6392 11
6393 10
6394 11
6395 10
6396 11
6397 10
6398 11
6399 10
6400 11
6401 10
6402 11
6403 10
6404 11
6405 10
6406 11
6407 10
6408 11
6409 10
6410 11
6411 10
6412 11
6413 10
6414 11
6415 10
6416 11
6417 10
6418 11
6419 10
6420 11
6421 10
6422 11
6423 10
6424 11
6425 10
6426 11
6427 10
6428 11
6429 10
6430 11
6431 10
6432 11
6433 10
6434 11
6435 10
6436 11
6437 10
6438 11
6439 10
6440 11
6441 10
6442 11
6443 10
6444 11
6445 10
6446 11
6447 10
6448 11
6449 10
6450 11
6451 10
6452 11
6453 10
6454 11
6455 10
6456 11
6457 10
6458 11
6459 10
6460 11
6461 10
6462 11
6463 10
6464 11
6465 10
6466 11
6467 10
6468 11
6469 10
6470 11
6471 10
6472 11
6473 10
6474 11
6475 10
6476 9
6477 8
6478 7
6479 8
6480 9
6481 10
6482 11
6483 10
6484 11
6485 10
6486 11
6487 10
6488 11
6489 10
6490 11
6491 10
6492 11
6493 10
6494 11
6495 10
6496 11
6497 10
6498 11
6499 10
6500 11
6501 10
6502 11
6503 10
6504 11
6505 10
6506 11
6507 10
6508 11
6509 10
6510 11
6511 10
6512 11
6513 10
6514 11
6515 10
6516 11
6517 10
6518 11
6519 10
6520 11
6521 10
6522 11
6523 10
6524 11
6525 10
6526 11
6527 10
6528 11
6529 10
6530 11
6531 10
6532 11
6533 10
6534 11
6535 10
6536 11
6537 10
6538 11
6539 10
6540 11
6541 10
6542 11
6543 10
6544 11
6545 10
6546 11
6547 10
6548 11
6549 10
6550 11
6551 10
6552 11
6553 10
6554 11
6555 10
6556 11
6557 10
6558 11
6559 10
6560 11
6561 10
6562 11
6563 10
6564 11
6565 10
6566 11
6567 10
6568 11
6569 10
6570 11
6571 10
6572 11
6573 10
6574 11
6575 10
6576 11
6577 10
6578 11
6579 10
6580 11
6581 10
6582 11
6583 10
6584 11
6585 10
6586 11
6587 10
6588 11
6589 10
6590 9
6591 8
6592 9
6593 10
6594 11
6595 10
6596 11
6597 10
6598 11
6599 10
6600 11
6601 10
6602 11
6603 10
6604 11
6605 10
6606 11
6607 10
6608 11
6609 10
6610 11
6611 10
6612 11
6613 10
6614 11
6615 10
6616 11
6617 10
6618 11
6619 10
6620 11
6621 10
6622 11
6623 10
6624 11
6625 10
6626 11
6627 10
6628 11
6629 10
6630 11
6631 10
6632 11
6633 10
6634 11
6635 10
6636 11
6637 10
6638 11
6639 10
6640 11
6641 10
6642 11
6643 10
6644 11
6645 10
6646 11
6647 10
6648 11
6649 10
6650 11
6651 10
6652 11
6653 10
6654 11
6655 10
6656 11
6657 10
6658 11
6659 10
6660 11
6661 10
6662 11
6663 10
6664 11
6665 10
6666 11
6667 10
6668 11
6669 10
6670 11
6671 10
6672 11
6673 10
6674 11
6675 10
6676 11
6677 10
6678 11
6679 10
6680 11
6681 10
6682 11
6683 10
6684 11
6685 10
6686 11
6687 10
6688 11
6689 10
6690 11
6691 10
6692 11
6693 10
6694 11
6695 10
6696 11
6697 10
6698 11
6699 10
6700 11
6701 10
6702 11
6703 10
6704 11
6705 10
6706 11
6707 10
6708 11
6709 10
6710 11
6711 10
6712 11
6713 10
6714 11
6715 10
6716 11
6717 10
6718 11
6719 10
6720 11
6721 10
6722 11
6723 10
6724 11
6725 10
6726 11
6727 10
6728 11
6729 10
6730 11
6731 10
6732 11
6733 10
6734 11
6735 10
6736 11
6737 10
6738 11
6739 10
6740 11
6741 10
6742 11
6743 10
6744 11
6745 10
6746 11
6747 10
6748 11
6749 10
6750 11
6751 10
6752 11
6753 10
6754 11
6755 10
6756 11
6757 10
6758 11
6759 10
6760 11
6761 10
6762 11
6763 10
6764 11
6765 10
6766 11
6767 10
6768 11
6769 10
6770 11
6771 10
6772 11
6773 10
6774 11
6775 10
6776 11
6777 10
6778 11
6779 10
6780 11
6781 10
6782 11
6783 10
6784 11
6785 10
6786 11
6787 10
6788 11
6789 10
6790 11
6791 10
6792 11
6793 10
6794 11
6795 10
6796 11
6797 10
6798 11
6799 10
6800 11
6801 10
6802 11
6803 10
6804 11
6805 10
6806 11
6807 10
6808 11
6809 10
6810 11
6811 10
6812 11
6813 10
6814 11
6815 10
6816 11
6817 10
6818 11
6819 10
6820 11
6821 10
6822 11
6823 10
6824 11
6825 10
6826 11
6827 10
6828 11
6829 10
6830 11
6831 10
6832 11
6833 10
6834 11
6835 10
6836 11
6837 10
6838 11
6839 10
6840 11
6841 10
6842 11
6843 10
6844 11
6845 10
6846 11
6847 10
6848 11
6849 10
6850 11
6851 10
6852 11
6853 10
6854 11
6855 10
6856 11
6857 10
6858 11
6859 10
6860 11
6861 10
6862 11
6863 10
6864 11
6865 10
6866 11
6867 10
6868 11
6869 10
6870 11
6871 10
6872 11
6873 10
6874 11
6875 10
6876 11
6877 10
6878 11
6879 10
6880 11
6881 10
6882 11
6883 10
6884 11
6885 10
6886 11
6887 10
6888 11
6889 10
6890 11
6891 10
6892 11
6893 10
6894 11
6895 10
6896 11
6897 10
6898 11
6899 10
6900 11
6901 10
6902 11
6903 10
6904 11
6905 10
6906 11
6907 10
6908 11
6909 10
6910 11
6911 10
6912 11
6913 10
6914 11
6915 10
6916 11
6917 10
6918 11
6919 10
6920 11
6921 10
6922 11
6923 10
6924 11
6925 10
6926 11
6927 10
6928 11
6929 10
6930 11
6931 10
6932 11
6933 10
6934 11
6935 10
6936 11
6937 10
6938 11
6939 10
6940 11
6941 10
6942 11
6943 10
6944 11
6945 10
6946 11
6947 10
6948 11
6949 10
6950 11
6951 10
6952 11
6953 10
6954 11
6955 10
6956 11
6957 10
6958 11
6959 10
6960 11
6961 10
6962 11
6963 10
6964 11
6965 10
6966 11
6967 10
6968 11
6969 10
6970 11
6971 10
6972 11
6973 10
6974 11
6975 10
6976 11
6977 10
6978 11
6979 10
6980 11
6981 10
6982 11
6983 10
6984 11
6985 10
6986 11
6987 10
6988 11
6989 10
6990 11
6991 10
6992 11
6993 10
6994 11
6995 10
6996 11
6997 10
6998 11
6999 10
7000 11
7001 10
7002 11
7003 10
7004 11
7005 10
7006 9
7007 8
7008 9
7009 10
7010 11
7011 10
7012 11
7013 10
7014 11
7015 10
7016 11
7017 10
7018 11
7019 10
7020 11
7021 10
7022 11
7023 10
7024 11
7025 10
7026 11
7027 10
7028 11
7029 10
7030 11
7031 10
7032 11
7033 10
7034 11
7035 10
7036 11
7037 10
7038 11
7039 10
7040 11
7041 10
7042 11
7043 10
7044 11
7045 10
7046 11
7047 10
7048 11
7049 10
7050 11
7051 10
7052 11
7053 10
7054 11
7055 10
7056 11
7057 10
7058 11
7059 10
7060 11
7061 10
7062 11
7063 10
7064 11
7065 10
7066 11
7067 10
7068 11
7069 10
7070 11
7071 10
7072 11
7073 10
7074 11
7075 10
7076 11
7077 10
7078 11
7079 10
7080 11
7081 10
7082 11
7083 10
7084 11
7085 10
7086 11
7087 10
7088 11
7089 10
7090 11
7091 10
7092 11
7093 10
7094 11
7095 10
7096 11
7097 10
7098 11
7099 10
7100 11
7101 10
7102 11
7103 10
7104 11
7105 10
7106 11
7107 10
7108 11
7109 10
7110 11
7111 10
7112 11
7113 10
7114 11
7115 10
7116 11
7117 10
7118 11
7119 10
7120 11
7121 10
7122 11
7123 10
7124 11
7125 10
7126 11
7127 10
7128 11
7129 10
7130 11
7131 10
7132 11
7133 10
7134 9
7135 10
7136 11
7137 10
7138 11
7139 10
7140 11
7141 10
7142 11
7143 10
7144 11
7145 10
7146 11
7147 10
7148 11
7149 10
7150 11
7151 10
7152 11
7153 10
7154 11
7155 10
7156 11
7157 10
7158 11
7159 10
7160 11
7161 10
7162 11
7163 10
7164 11
7165 10
7166 11
7167 10
7168 11
7169 10
7170 11
7171 10
7172 11
7173 10
7174 11
7175 10
7176 11
7177 10
7178 11
7179 10
7180 11
7181 10
7182 11
7183 10
7184 11
7185 10
7186 11
7187 10
7188 11
7189 10
7190 11
7191 10
7192 11
7193 10
7194 11
7195 10
7196 11
7197 10
7198 11
7199 10
7200 11
7201 10
7202 11
7203 10
7204 11
7205 10
7206 11
7207 10
7208 11
7209 10
7210 11
7211 10
7212 11
7213 10
7214 11
7215 10
7216 11
7217 10
7218 11
7219 10
7220 11
7221 10
7222 11
7223 10
7224 11
7225 10
7226 11
7227 10
7228 11
7229 10
7230 11
7231 10
7232 11
7233 10
7234 11
7235 10
7236 11
7237 10
7238 11
7239 10
7240 11
7241 10
7242 11
7243 10
7244 11
7245 10
7246 11
7247 10
7248 11
7249 10
7250 11
7251 10
7252 11
7253 10
7254 11
7255 10
7256 11
7257 10
7258 11
7259 10
7260 11
7261 10
7262 11
7263 10
7264 11
7265 10
7266 11
7267 10
7268 11
7269 10
7270 11
7271 10
7272 11
7273 10
7274 11
7275 10
7276 11
7277 10
7278 11
7279 10
7280 11
7281 10
7282 11
7283 10
7284 11
7285 10
7286 11
7287 10
7288 11
7289 10
7290 11
7291 10
7292 11
7293 10
7294 11
7295 10
7296 11
7297 10
7298 11
7299 10
7300 11
7301 10
7302 11
7303 10
7304 11
7305 10
7306 11
7307 10
7308 11
7309 10
7310 11
7311 10
7312 11
7313 10
7314 11
7315 10
7316 11
7317 10
7318 11
7319 10
7320 11
7321 10
7322 11
7323 10
7324 11
7325 10
7326 11
7327 10
7328 11
7329 10
7330 11
7331 10
7332 11
7333 10
7334 11
7335 10
7336 11
7337 10
7338 11
7339 10
7340 11
7341 10
7342 11
7343 10
7344 11
7345 10
7346 11
7347 10
7348 11
7349 10
7350 11
7351 10
7352 11
7353 10
7354 11
7355 10
7356 11
7357 10
7358 11
7359 10
7360 11
7361 10
7362 11
7363 10
7364 11
7365 10
7366 11
7367 10
7368 11
7369 10
7370 11
7371 10
7372 11
7373 10
7374 11
7375 10
7376 11
7377 10
7378 11
7379 10
7380 11
7381 10
7382 11
7383 10
7384 11
7385 10
7386 11
7387 10
7388 11
7389 10
7390 11
7391 10
7392 11
7393 10
7394 11
7395 10
7396 11
7397 10
7398 11
7399 10
7400 11
7401 10
7402 11
7403 10
7404 11
7405 10
7406 11
7407 10
7408 11
7409 10
7410 11
7411 10
7412 11
7413 10
7414 11
7415 10
7416 11
7417 10
7418 11
7419 10
7420 11
7421 10
7422 11
7423 10
7424 11
7425 10
7426 11
7427 10
7428 11
7429 10
7430 11
7431 10
7432 11
7433 10
7434 11
7435 10
7436 11
7437 10
7438 11
7439 10
7440 11
7441 10
7442 11
7443 10
7444 11
7445 10
7446 11
7447 10
7448 11
7449 10
7450 11
7451 10
7452 11
7453 10
7454 9
7455 10
7456 11
7457 10
7458 11
7459 10
7460 11
7461 10
7462 11
7463 10
7464 11
7465 10
7466 11
7467 10
7468 11
7469 10
7470 11
7471 10
7472 11
7473 10
7474 11
7475 10
7476 11
7477 10
7478 11
7479 10
7480 11
7481 10
7482 11
7483 10
7484 11
7485 10
7486 11
7487 10
7488 11
7489 10
7490 11
7491 10
7492 11
7493 10
7494 11
7495 10
7496 11
7497 10
7498 11
7499 10
7500 11
7501 10
7502 11
7503 10
7504 11
7505 10
7506 11
7507 10
7508 11
7509 10
7510 11
7511 10
7512 11
7513 10
7514 11
7515 10
7516 11
7517 10
7518 11
7519 10
7520 11
7521 10
7522 11
7523 10
7524 11
7525 10
7526 11
7527 10
7528 11
7529 10
7530 11
7531 10
7532 11
7533 10
7534 11
7535 10
7536 11
7537 10
7538 11
7539 10
7540 11
7541 10
7542 11
7543 10
7544 11
7545 10
7546 11
7547 10
7548 11
7549 10
7550 11
7551 10
7552 11
7553 10
7554 11
7555 10
7556 11
7557 10
7558 11
7559 10
7560 11
7561 10
7562 11
7563 10
7564 11
7565 10
7566 11
7567 10
7568 11
7569 10
7570 11
7571 10
7572 11
7573 10
7574 11
7575 10
7576 11
7577 10
7578 11
7579 10
7580 11
7581 10
7582 11
7583 10
7584 11
7585 10
7586 11
7587 10
7588 11
7589 10
7590 11
7591 10
7592 11
7593 10
7594 11
7595 10
7596 11
7597 10
7598 11
7599 10
7600 11
7601 10
7602 11
7603 10
7604 11
7605 10
7606 11
7607 10
7608 11
7609 10
7610 11
7611 10
7612 11
7613 10
7614 11
7615 10
7616 11
7617 10
7618 11
7619 10
7620 11
7621 10
7622 11
7623 10
7624 11
7625 10
7626 11
7627 10
7628 11
7629 10
7630 11
7631 10
7632 11
7633 10
7634 11
7635 10
7636 11
7637 10
7638 11
7639 10
7640 11
7641 10
7642 11
7643 10
7644 11
7645 10
7646 11
7647 10
7648 11
7649 10
7650 11
7651 10
7652 11
7653 10
7654 11
7655 10
7656 11
7657 10
7658 11
7659 10
7660 11
7661 10
7662 11
7663 10
7664 11
7665 10
7666 11
7667 10
7668 11
7669 10
7670 11
7671 10
7672 11
7673 10
7674 11
7675 10
7676 11
7677 10
7678 11
7679 10
7680 11
7681 10
7682 11
7683 10
7684 11
7685 10
7686 11
7687 10
7688 11
7689 10
7690 11
7691 10
7692 11
7693 10
7694 11
7695 10
7696 11
7697 10
7698 11
7699 10
7700 11
7701 10
7702 11
7703 10
7704 11
7705 10
7706 11
7707 10
7708 11
7709 10
7710 11
7711 10
7712 11
7713 10
7714 11
7715 10
7716 11
7717 10
7718 11
7719 10
7720 11
7721 10
7722 11
7723 10
7724 11
7725 10
7726 11
7727 10
7728 11
7729 10
7730 11
7731 10
7732 11
7733 10
7734 11
7735 10
7736 11
7737 10
7738 11
7739 10
7740 11
7741 10
7742 11
7743 10
7744 11
7745 10
7746 11
7747 10
7748 11
7749 10
7750 11
7751 10
7752 11
7753 10
7754 11
7755 10
7756 11
7757 10
7758 11
7759 10
7760 11
7761 10
7762 11
7763 10
7764 11
7765 10
7766 11
7767 10
7768 11
7769 10
7770 11
7771 10
7772 11
7773 10
7774 11
7775 10
7776 11
7777 10
7778 11
7779 10
7780 11
7781 10
7782 11
7783 10
7784 11
7785 10
7786 11
7787 10
7788 11
7789 10
7790 11
7791 10
7792 11
7793 10
7794 11
7795 10
7796 11
7797 10
7798 11
7799 10
7800 11
7801 10
7802 11
7803 10
7804 9
7805 8
7806 9
7807 10
7808 11
7809 10
7810 11
7811 10
7812 11
7813 10
7814 11
7815 10
7816 11
7817 10
7818 11
7819 10
7820 11
7821 10
7822 11
7823 10
7824 11
7825 10
7826 11
7827 10
7828 11
7829 10
7830 11
7831 10
7832 11
7833 10
7834 11
7835 10
7836 11
7837 10
7838 11
7839 10
7840 11
7841 10
7842 11
7843 10
7844 11
7845 10
7846 11
7847 10
7848 11
7849 10
7850 11
7851 10
7852 11
7853 10
7854 11
7855 10
7856 11
7857 10
7858 11
7859 10
7860 11
7861 10
7862 11
7863 10
7864 11
7865 10
7866 11
7867 10
7868 11
7869 10
7870 11
7871 10
7872 11
7873 10
7874 11
7875 10
7876 11
7877 10
7878 11
7879 10
7880 11
7881 10
7882 11
7883 10
7884 11
7885 10
7886 11
7887 10
7888 11
7889 10
7890 11
7891 10
7892 11
7893 10
7894 11
7895 10
7896 11
7897 10
7898 11
7899 10
7900 11
7901 10
7902 11
7903 10
7904 11
7905 10
7906 11
7907 10
7908 11
7909 10
7910 11
7911 10
7912 11
7913 10
7914 11
7915 10
7916 11
7917 10
7918 11
7919 10
7920 11
7921 10
7922 11
7923 10
7924 11
7925 10
7926 11
7927 10
7928 9
7929 10
7930 11
7931 10
7932 11
7933 10
7934 9
7935 10
7936 11
7937 10
7938 11
7939 10
7940 11
7941 10
7942 11
7943 10
7944 11
7945 10
7946 11
7947 10
7948 11
7949 10
7950 11
7951 10
7952 11
7953 10
7954 11
7955 10
7956 11
7957 10
7958 11
7959 10
7960 11
7961 10
7962 11
7963 10
7964 11
7965 10
7966 11
7967 10
7968 11
7969 10
7970 11
7971 10
7972 11
7973 10
7974 11
7975 10
7976 11
7977 10
7978 11
7979 10
7980 11
7981 10
7982 11
7983 10
7984 11
7985 10
7986 11
7987 10
7988 11
7989 10
7990 11
7991 10
7992 11
7993 10
7994 11
7995 10
7996 11
7997 10
7998 11
7999 10
8000 11
8001 10
8002 11
8003 10
8004 11
8005 10
8006 11
8007 10
8008 11
8009 10
8010 11
8011 10
8012 11
8013 10
8014 11
8015 10
8016 11
8017 10
8018 11
8019 10
8020 11
8021 10
8022 11
8023 10
8024 11
8025 10
8026 11
8027 10
8028 11
8029 10
8030 11
8031 10
8032 11
8033 10
8034 11
8035 10
8036 11
8037 10
8038 11
8039 10
8040 11
8041 10
8042 11
8043 10
8044 11
8045 10
8046 11
8047 10
8048 11
8049 10
8050 11
8051 10
8052 11
8053 10
8054 11
8055 10
8056 11
8057 10
8058 11
8059 10
8060 11
8061 10
8062 11
8063 10
8064 11
8065 10
8066 11
8067 10
8068 11
8069 10
8070 11
8071 10
8072 11
8073 10
8074 11
8075 10
8076 11
8077 10
8078 11
8079 10
8080 11
8081 10
8082 11
8083 10
8084 11
8085 10
8086 11
8087 10
8088 11
8089 10
8090 11
8091 10
8092 11
8093 10
8094 11
8095 10
8096 11
8097 10
8098 11
8099 10
8100 11
8101 10
8102 11
8103 10
8104 11
8105 10
8106 11
8107 10
8108 11
8109 10
8110 11
8111 10
8112 11
8113 10
8114 11
8115 10
8116 11
8117 10
8118 11
8119 10
8120 11
8121 10
8122 11
8123 10
8124 11
8125 10
8126 11
8127 10
8128 11
8129 10
8130 11
8131 10
8132 11
8133 10
8134 11
8135 10
8136 11
8137 10
8138 11
8139 10
8140 11
8141 10
8142 11
8143 10
8144 11
8145 10
8146 11
8147 10
8148 11
8149 10
8150 11
8151 10
8152 11
8153 10
8154 11
8155 10
8156 11
8157 10
8158 11
8159 10
8160 11
8161 10
8162 11
8163 10
8164 11
8165 10
8166 11
8167 10
8168 11
8169 10
8170 11
8171 10
8172 11
8173 10
8174 11
8175 10
8176 11
8177 10
8178 11
8179 10
8180 11
8181 10
8182 11
8183 10
8184 11
8185 10
8186 11
8187 10
8188 11
8189 10
8190 11
8191 10
8192 11
8193 10
8194 11
8195 10
8196 11
8197 10
8198 11
8199 10
8200 11
8201 10
8202 11
8203 10
8204 11
8205 10
8206 11
8207 10
8208 11
8209 10
8210 11
8211 10
8212 11
8213 10
8214 11
8215 10
8216 11
8217 10
8218 11
8219 10
8220 11
8221 10
8222 11
8223 10
8224 11
8225 10
8226 11
8227 10
8228 11
8229 10
8230 11
8231 10
8232 11
8233 10
8234 11
8235 10
8236 11
8237 10
8238 11
8239 10
8240 11
8241 10
8242 11
8243 10
8244 11
8245 10
8246 11
8247 10
8248 11
8249 10
8250 11
8251 10
8252 11
8253 10
8254 11
8255 10
8256 11
8257 10
8258 11
8259 10
8260 11
8261 10
8262 11
8263 10
8264 11
8265 10
8266 11
8267 10
8268 11
8269 10
8270 11
8271 10
8272 11
8273 10
8274 11
8275 10
8276 11
8277 10
8278 11
8279 10
8280 11
8281 10
8282 11
8283 10
8284 11
8285 10
8286 11
8287 10
8288 11
8289 10
8290 11
8291 10
8292 11
8293 10
8294 11
8295 10
8296 11
8297 10
8298 11
8299 10
8300 11
8301 10
8302 11
8303 10
8304 11
8305 10
8306 11
8307 10
8308 11
8309 10
8310 11
8311 10
8312 11
8313 10
8314 11
8315 10
8316 11
8317 10
8318 11
8319 10
8320 11
8321 10
8322 11
8323 10
8324 11
8325 10
8326 11
8327 10
8328 11
8329 10
8330 11
8331 10
8332 11
8333 10
8334 11
8335 10
8336 11
8337 10
8338 11
8339 10
8340 11
8341 10
8342 11
8343 10
8344 11
8345 10
8346 11
8347 10
8348 11
8349 10
8350 11
8351 10
8352 11
8353 10
8354 11
8355 10
8356 11
8357 10
8358 11
8359 10
8360 11
8361 10
8362 11
8363 10
8364 11
8365 10
8366 11
8367 10
8368 11
8369 10
8370 11
8371 10
8372 11
8373 10
8374 11
8375 10
8376 11
8377 10
8378 11
8379 10
8380 11
8381 10
8382 11
8383 10
8384 11
8385 10
8386 11
8387 10
8388 11
8389 10
8390 11
8391 10
8392 11
8393 10
8394 11
8395 10
8396 11
8397 10
8398 11
8399 10
8400 11
8401 10
8402 11
8403 10
8404 11
8405 10
8406 11
8407 10
8408 11
8409 10
8410 11
8411 10
8412 11
8413 10
8414 11
8415 10
8416 11
8417 10
8418 11
8419 10
8420 11
8421 10
8422 11
8423 10
8424 11
8425 10
8426 11
8427 10
8428 11
8429 10
8430 11
8431 10
8432 11
8433 10
8434 11
8435 10
8436 11
8437 10
8438 11
8439 10
8440 11
8441 10
8442 11
8443 10
8444 11
8445 10
8446 11
8447 10
8448 11
8449 10
8450 11
8451 10
8452 11
8453 10
8454 11
8455 10
8456 11
8457 10
8458 11
8459 10
8460 11
8461 10
8462 11
8463 10
8464 11
8465 10
8466 11
8467 10
8468 11
8469 10
8470 11
8471 10
8472 11
8473 10
8474 11
8475 10
8476 11
8477 10
8478 11
8479 10
8480 11
8481 10
8482 11
8483 10
8484 11
8485 10
8486 11
8487 10
8488 11
8489 10
8490 11
8491 10
8492 9
8493 10
8494 11
8495 10
8496 11
8497 10
8498 11
8499 10
8500 11
8501 10
8502 11
8503 10
8504 11
8505 10
8506 11
8507 10
8508 11
8509 10
8510 11
8511 10
8512 11
8513 10
8514 11
8515 10
8516 11
8517 10
8518 11
8519 10
8520 11
8521 10
8522 11
8523 10
8524 11
8525 10
8526 11
8527 10
8528 11
8529 10
8530 11
8531 10
8532 11
8533 10
8534 11
8535 10
8536 11
8537 10
8538 11
8539 10
8540 11
8541 10
8542 11
8543 10
8544 11
8545 10
8546 11
8547 10
8548 11
8549 10
8550 11
8551 10
8552 11
8553 10
8554 11
8555 10
8556 11
8557 10
8558 11
8559 10
8560 11
8561 10
8562 11
8563 10
8564 11
8565 10
8566 11
8567 10
8568 11
8569 10
8570 11
8571 10
8572 11
8573 10
8574 11
8575 10
8576 11
8577 10
8578 11
8579 10
8580 11
8581 10
8582 11
8583 10
8584 11
8585 10
8586 11
8587 10
8588 11
8589 10
8590 11
8591 10
8592 11
8593 10
8594 11
8595 10
8596 11
8597 10
8598 11
8599 10
8600 11
8601 10
8602 11
8603 10
8604 11
8605 10
8606 11
8607 10
8608 11
8609 10
8610 11
8611 10
8612 11
8613 10
8614 11
8615 10
8616 11
8617 10
8618 11
8619 10
8620 11
8621 10
8622 11
8623 10
8624 11
8625 10
8626 11
8627 10
8628 11
8629 10
8630 11
8631 10
8632 11
8633 10
8634 11
8635 10
8636 11
8637 10
8638 11
8639 10
8640 11
8641 10
8642 11
8643 10
8644 11
8645 10
8646 11
8647 10
8648 11
8649 10
8650 11
8651 10
8652 9
8653 10
8654 11
8655 10
8656 11
8657 10
8658 11
8659 10
8660 11
8661 10
8662 11
8663 10
8664 11
8665 10
8666 11
8667 10
8668 11
8669 10
8670 11
8671 10
8672 11
8673 10
8674 11
8675 10
8676 11
8677 10
8678 11
8679 10
8680 11
8681 10
8682 11
8683 10
8684 11
8685 10
8686 11
8687 10
8688 11
8689 10
8690 11
8691 10
8692 11
8693 10
8694 9
8695 10
8696 11
8697 10
8698 11
8699 10
8700 11
8701 10
8702 11
8703 10
8704 11
8705 10
8706 11
8707 10
8708 11
8709 10
8710 11
8711 10
8712 11
8713 10
8714 11
8715 10
8716 11
8717 10
8718 11
8719 10
8720 11
8721 10
8722 11
8723 10
8724 11
8725 10
8726 11
8727 10
8728 11
8729 10
8730 11
8731 10
8732 11
8733 10
8734 11
8735 10
8736 11
8737 10
8738 11
8739 10
8740 11
8741 10
8742 11
8743 10
8744 11
8745 10
8746 11
8747 10
8748 11
8749 10
8750 11
8751 10
8752 11
8753 10
8754 11
8755 10
8756 11
8757 10
8758 11
8759 10
8760 11
8761 10
8762 11
8763 10
8764 11
8765 10
8766 11
8767 10
8768 11
8769 10
8770 11
8771 10
8772 11
8773 10
8774 11
8775 10
8776 11
8777 10
8778 11
8779 10
8780 11
8781 10
8782 11
8783 10
8784 11
8785 10
8786 11
8787 10
8788 11
8789 10
8790 11
8791 10
8792 11
8793 10
8794 11
8795 10
8796 11
8797 10
8798 11
8799 10
8800 11
8801 10
8802 11
8803 10
8804 11
8805 10
8806 11
8807 10
8808 11
8809 10
8810 11
8811 10
8812 11
8813 10
8814 11
8815 10
8816 11
8817 10
8818 11
8819 10
8820 11
8821 10
8822 11
8823 10
8824 11
8825 10
8826 11
8827 10
8828 11
8829 10
8830 11
8831 10
8832 11
8833 10
8834 11
8835 10
8836 11
8837 10
8838 11
8839 10
8840 11
8841 10
8842 11
8843 10
8844 11
8845 10
8846 11
8847 10
8848 11
8849 10
8850 11
8851 10
8852 11
8853 10
8854 11
8855 10
8856 11
8857 10
8858 11
8859 10
8860 11
8861 10
8862 11
8863 10
8864 11
8865 10
8866 11
8867 10
8868 11
8869 10
8870 11
8871 10
8872 11
8873 10
8874 11
8875 10
8876 11
8877 10
8878 11
8879 10
8880 11
8881 10
8882 11
8883 10
8884 11
8885 10
8886 11
8887 10
8888 11
8889 10
8890 11
8891 10
8892 11
8893 10
8894 11
8895 10
8896 11
8897 10
8898 11
8899 10
8900 11
8901 10
8902 11
8903 10
8904 11
8905 10
8906 11
8907 10
8908 11
8909 10
8910 11
8911 10
8912 11
8913 10
8914 11
8915 10
8916 11
8917 10
8918 11
8919 10
8920 11
8921 10
8922 11
8923 10
8924 11
8925 10
8926 11
8927 10
8928 11
8929 10
8930 11
8931 10
8932 11
8933 10
8934 11
8935 10
8936 11
8937 10
8938 11
8939 10
8940 11
8941 10
8942 11
8943 10
8944 11
8945 10
8946 11
8947 10
8948 11
8949 10
8950 11
8951 10
8952 11
8953 10
8954 11
8955 10
8956 11
8957 10
8958 11
8959 10
8960 11
8961 10
8962 11
8963 10
8964 11
8965 10
8966 11
8967 10
8968 11
8969 10
8970 11
8971 10
8972 11
8973 10
8974 11
8975 10
8976 11
8977 10
8978 11
8979 10
8980 11
8981 10
8982 11
8983 10
8984 11
8985 10
8986 11
8987 10
8988 11
8989 10
8990 9
8991 10
8992 11
8993 10
8994 11
8995 10
8996 11
8997 10
8998 11
8999 10
9000 11
9001 10
9002 11
9003 10
9004 11
9005 10
9006 11
9007 10
9008 11
9009 10
9010 9
9011 10
9012 11
9013 10
9014 11
9015 10
9016 11
9017 10
9018 11
9019 10
9020 11
9021 10
9022 11
9023 10
9024 11
9025 10
9026 11
9027 10
9028 11
9029 10
9030 9
9031 8
9032 9
9033 10
9034 11
9035 10
9036 11
9037 10
9038 11
9039 10
9040 11
9041 10
9042 11
9043 10
9044 11
9045 10
9046 9
9047 8
9048 9
9049 10
9050 9
9051 10
9052 11
9053 10
9054 11
9055 10
9056 11
9057 10
9058 11
9059 10
9060 11
9061 10
9062 11
9063 10
9064 11
9065 10
9066 11
9067 10
9068 11
9069 10
9070 11
9071 10
9072 11
9073 10
9074 11
9075 10
9076 11
9077 10
9078 11
9079 10
9080 11
9081 10
9082 11
9083 10
9084 11
9085 10
9086 11
9087 10
9088 11
9089 10
9090 11
9091 10
9092 11
9093 10
9094 11
9095 10
9096 11
9097 10
9098 11
9099 10
9100 11
9101 10
9102 11
9103 10
9104 11
9105 10
9106 11
9107 10
9108 11
9109 10
9110 11
9111 10
9112 11
9113 10
9114 11
9115 10
9116 11
9117 10
9118 11
9119 10
9120 11
9121 10
9122 11
9123 10
9124 11
9125 10
9126 11
9127 10
9128 11
9129 10
9130 11
9131 10
9132 11
9133 10
9134 11
9135 10
9136 11
9137 10
9138 11
9139 10
9140 11
9141 10
9142 11
9143 10
9144 11
9145 10
9146 11
9147 10
9148 11
9149 10
9150 11
9151 10
9152 11
9153 10
9154 11
9155 10
9156 11
9157 10
9158 11
9159 10
9160 11
9161 10
9162 11
9163 10
9164 11
9165 10
9166 11
9167 10
9168 11
9169 10
9170 11
9171 10
9172 11
9173 10
9174 11
9175 10
9176 11
9177 10
9178 11
9179 10
9180 11
9181 10
9182 11
9183 10
9184 11
9185 10
9186 11
9187 10
9188 11
9189 10
9190 11
9191 10
9192 11
9193 10
9194 11
9195 10
9196 11
9197 10
9198 11
9199 10
9200 11
9201 10
9202 11
9203 10
9204 11
9205 10
9206 11
9207 10
9208 11
9209 10
9210 11
9211 10
9212 11
9213 10
9214 11
9215 10
9216 11
9217 10
9218 11
9219 10
9220 11
9221 10
9222 11
9223 10
9224 11
9225 10
9226 11
9227 10
9228 11
9229 10
9230 11
9231 10
9232 11
9233 10
9234 11
9235 10
9236 11
9237 10
9238 11
9239 10
9240 11
9241 10
9242 11
9243 10
9244 11
9245 10
9246 11
9247 10
9248 11
9249 10
9250 11
9251 10
9252 11
9253 10
9254 11
9255 10
9256 11
9257 10
9258 11
9259 10
9260 11
9261 10
9262 11
9263 10
9264 11
9265 10
9266 11
9267 10
9268 11
9269 10
9270 11
9271 10
9272 11
9273 10
9274 11
9275 10
9276 11
9277 10
9278 11
9279 10
9280 11
9281 10
9282 9
9283 10
9284 11
9285 10
9286 11
9287 10
9288 11
9289 10
9290 11
9291 10
9292 11
9293 10
9294 11
9295 10
9296 11
9297 10
9298 11
9299 10
9300 11
9301 10
9302 11
9303 10
9304 11
9305 10
9306 11
9307 10
9308 11
9309 10
9310 11
9311 10
9312 11
9313 10
9314 11
9315 10
9316 11
9317 10
9318 11
9319 10
9320 11
9321 10
9322 11
9323 10
9324 11
9325 10
9326 11
9327 10
9328 11
9329 10
9330 11
9331 10
9332 11
9333 10
9334 11
9335 10
9336 11
9337 10
9338 11
9339 10
9340 11
9341 10
9342 11
9343 10
9344 11
9345 10
9346 11
9347 10
9348 11
9349 10
9350 11
9351 10
9352 11
9353 10
9354 11
9355 10
9356 11
9357 10
9358 11
9359 10
9360 11
9361 10
9362 11
9363 10
9364 11
9365 10
9366 11
9367 10
9368 11
9369 10
9370 11
9371 10
9372 11
9373 10
9374 11
9375 10
9376 11
9377 10
9378 11
9379 10
9380 11
9381 10
9382 11
9383 10
9384 11
9385 10
9386 11
9387 10
9388 11
9389 10
9390 11
9391 10
9392 11
9393 10
9394 11
9395 10
9396 11
9397 10
9398 11
9399 10
9400 11
9401 10
9402 11
9403 10
9404 11
9405 10
9406 11
9407 10
9408 11
9409 10
9410 11
9411 10
9412 11
9413 10
9414 11
9415 10
9416 11
9417 10
9418 11
9419 10
9420 11
9421 10
9422 11
9423 10
9424 11
9425 10
9426 11
9427 10
9428 11
9429 10
9430 11
9431 10
9432 11
9433 10
9434 11
9435 10
9436 11
9437 10
9438 11
9439 10
9440 11
9441 10
9442 11
9443 10
9444 11
9445 10
9446 11
9447 10
9448 11
9449 10
9450 11
9451 10
9452 11
9453 10
9454 11
9455 10
9456 11
9457 10
9458 11
9459 10
9460 11
9461 10
9462 11
9463 10
9464 11
9465 10
9466 11
9467 10
9468 9
9469 10
9470 11
9471 10
9472 11
9473 10
9474 11
9475 10
9476 11
9477 10
9478 11
9479 10
9480 11
9481 10
9482 11
9483 10
9484 11
9485 10
9486 11
9487 10
9488 11
9489 10
9490 11
9491 10
9492 11
9493 10
9494 11
9495 10
9496 11
9497 10
9498 11
9499 10
9500 11
9501 10
9502 11
9503 10
9504 11
9505 10
9506 11
9507 10
9508 11
9509 10
9510 11
9511 10
9512 11
9513 10
9514 11
9515 10
9516 11
9517 10
9518 11
9519 10
9520 11
9521 10
9522 11
9523 10
9524 11
9525 10
9526 11
9527 10
9528 11
9529 10
9530 11
9531 10
9532 11
9533 10
9534 11
9535 10
9536 11
9537 10
9538 11
9539 10
9540 11
9541 10
9542 11
9543 10
9544 11
9545 10
9546 11
9547 10
9548 11
9549 10
9550 11
9551 10
9552 11
9553 10
9554 11
9555 10
9556 11
9557 10
9558 11
9559 10
9560 11
9561 10
9562 11
9563 10
9564 11
9565 10
9566 11
9567 10
9568 11
9569 10
9570 11
9571 10
9572 11
9573 10
9574 11
9575 10
9576 11
9577 10
9578 11
9579 10
9580 11
9581 10
9582 11
9583 10
9584 11
9585 10
9586 11
9587 10
9588 11
9589 10
9590 11
9591 10
9592 11
9593 10
9594 11
9595 10
9596 11
9597 10
9598 11
9599 10
9600 11
9601 10
9602 11
9603 10
9604 11
9605 10
9606 11
9607 10
9608 11
9609 10
9610 11
9611 10
9612 11
9613 10
9614 11
9615 10
9616 11
9617 10
9618 11
9619 10
9620 11
9621 10
9622 11
9623 10
9624 11
9625 10
9626 11
9627 10
9628 11
9629 10
9630 11
9631 10
9632 11
9633 10
9634 11
9635 10
9636 11
9637 10
9638 11
9639 10
9640 11
9641 10
9642 11
9643 10
9644 11
9645 10
9646 11
9647 10
9648 11
9649 10
9650 11
9651 10
9652 9
9653 10
9654 11
9655 10
9656 11
9657 10
9658 11
9659 10
9660 11
9661 10
9662 11
9663 10
9664 11
9665 10
9666 11
9667 10
9668 11
9669 10
9670 11
9671 10
9672 11
9673 10
9674 11
9675 10
9676 11
9677 10
9678 11
9679 10
9680 11
9681 10
9682 11
9683 10
9684 11
9685 10
9686 11
9687 10
9688 11
9689 10
9690 11
9691 10
9692 11
9693 10
9694 11
9695 10
9696 11
9697 10
9698 11
9699 10
9700 11
9701 10
9702 11
9703 10
9704 11
9705 10
9706 11
9707 10
9708 11
9709 10
9710 11
9711 10
9712 11
9713 10
9714 11
9715 10
9716 11
9717 10
9718 11
9719 10
9720 11
9721 10
9722 11
9723 10
9724 11
9725 10
9726 11
9727 10
9728 11
9729 10
9730 11
9731 10
9732 11
9733 10
9734 11
9735 10
9736 11
9737 10
9738 11
9739 10
9740 11
9741 10
9742 11
9743 10
9744 11
9745 10
9746 11
9747 10
9748 11
9749 10
9750 11
9751 10
9752 11
9753 10
9754 11
9755 10
9756 11
9757 10
9758 11
9759 10
9760 11
9761 10
9762 11
9763 10
9764 11
9765 10
9766 11
9767 10
9768 11
9769 10
9770 11
9771 10
9772 11
9773 10
9774 11
9775 10
9776 11
9777 10
9778 11
9779 10
9780 11
9781 10
9782 11
9783 10
9784 11
9785 10
9786 11
9787 10
9788 11
9789 10
9790 11
9791 10
9792 11
9793 10
9794 11
9795 10
9796 11
9797 10
9798 11
9799 10
9800 11
9801 10
9802 11
9803 10
9804 11
9805 10
9806 11
9807 10
9808 11
9809 10
9810 11
9811 10
9812 11
9813 10
9814 11
9815 10
9816 11
9817 10
9818 11
9819 10
9820 11
9821 10
9822 11
9823 10
9824 11
9825 10
9826 11
9827 10
9828 11
9829 10
9830 11
9831 10
9832 11
9833 10
9834 11
9835 10
9836 11
9837 10
9838 11
9839 10
9840 11
9841 10
9842 11
9843 10
9844 11
9845 10
9846 11
9847 10
9848 11
9849 10
9850 11
9851 10
9852 11
9853 10
9854 11
9855 10
9856 11
9857 10
9858 11
9859 10
9860 11
9861 10
9862 11
9863 10
9864 11
9865 10
9866 11
9867 10
9868 11
9869 10
9870 11
9871 10
9872 11
9873 10
9874 11
9875 10
9876 11
9877 10
9878 11
9879 10
9880 11
9881 10
9882 11
9883 10
9884 11
9885 10
9886 11
9887 10
9888 11
9889 10
9890 11
9891 10
9892 11
9893 10
9894 11
9895 10
9896 11
9897 10
9898 11
9899 10
9900 11
9901 10
9902 11
9903 10
9904 11
9905 10
9906 11
9907 10
9908 11
9909 10
9910 11
9911 10
9912 11
9913 10
9914 11
9915 10
9916 11
9917 10
9918 11
9919 10
9920 11
9921 10
9922 11
9923 10
9924 11
9925 10
9926 11
9927 10
9928 11
9929 10
9930 11
9931 10
9932 11
9933 10
9934 11
9935 10
9936 11
9937 10
9938 11
9939 10
9940 11
9941 10
9942 11
9943 10
9944 11
9945 10
9946 11
9947 10
9948 11
9949 10
9950 11
9951 10
9952 11
9953 10
9954 11
9955 10
9956 11
9957 10
9958 9
9959 10
9960 11
9961 10
9962 11
9963 10
9964 11
9965 10
9966 11
9967 10
9968 11
9969 10
9970 11
9971 10
9972 11
9973 10
9974 11
9975 10
9976 11
9977 10
9978 11
9979 10
9980 11
9981 10
9982 11
9983 10
9984 11
9985 10
9986 11
9987 10
9988 11
9989 10
9990 11
9991 10
9992 11
9993 10
9994 11
9995 10
9996 11
9997 10
9998 11
9999 10
